,buy,sell,net
0,64.25,64.55,0.29999999999999716
1,64.1,64.2,0.10000000000000853
2,64.0,64.6,0.5999999999999943
3,64.0,64.0,0.0
4,60.7,61.05,0.3499999999999943
5,60.55,61.0,0.45000000000000284
6,60.15,60.5,0.3500000000000014
7,60.85,61.1,0.25
8,62.5,62.85,0.3500000000000014
9,63.25,63.65,0.3999999999999986
10,62.5,62.7,0.20000000000000284
11,62.6,63.2,0.6000000000000014
12,62.8,62.8,0.0
13,62.95,63.25,0.29999999999999716
14,64.0,64.4,0.4000000000000057
15,64.1,64.2,0.10000000000000853
16,64.15,64.6,0.44999999999998863
17,65.4,65.8,0.3999999999999915
18,65.9,66.25,0.3499999999999943
19,66.4,66.85,0.44999999999998863
20,66.95,67.2,0.25
21,67.35,68.15,0.8000000000000114
22,68.15,68.15,0.0
23,68.85,69.55,0.7000000000000028
24,69.8,69.5,-0.29999999999999716
25,70.0,70.6,0.5999999999999943
26,69.95,70.2,0.25
27,70.3,70.55,0.25
28,67.15,67.6,0.44999999999998863
29,67.95,68.1,0.14999999999999147
30,68.85,69.5,0.6500000000000057
31,69.65,69.65,0.0
32,69.2,69.55,0.3499999999999943
33,70.6,70.85,0.25
34,70.55,70.8,0.25
35,71.2,71.45,0.25
36,70.95,71.05,0.09999999999999432
37,70.5,70.65,0.15000000000000568
38,67.85,68.0,0.15000000000000568
39,66.85,67.05,0.20000000000000284
40,67.35,67.75,0.4000000000000057
41,68.75,69.1,0.3499999999999943
42,69.35,69.85,0.5
43,73.0,73.2,0.20000000000000284
44,74.1,74.0,-0.09999999999999432
45,72.2,72.2,0.0
46,71.75,72.1,0.3499999999999943
47,69.5,69.8,0.29999999999999716
48,67.35,67.2,-0.14999999999999147
49,66.5,66.4,-0.09999999999999432
50,64.85,65.6,0.75
51,67.15,67.25,0.09999999999999432
52,67.4,67.45,0.04999999999999716
53,68.75,68.85,0.09999999999999432
54,69.0,69.45,0.45000000000000284
55,69.1,69.4,0.30000000000001137
56,69.7,70.2,0.5
57,69.55,69.85,0.29999999999999716
58,70.8,71.25,0.45000000000000284
59,70.8,71.1,0.29999999999999716
60,71.75,72.35,0.5999999999999943
61,71.75,72.1,0.3499999999999943
62,73.8,74.25,0.45000000000000284
63,74.15,74.55,0.3999999999999915
64,75.15,75.25,0.09999999999999432
65,74.75,75.25,0.5
66,74.9,75.05,0.14999999999999147
67,76.25,76.7,0.45000000000000284
68,73.0,73.45,0.45000000000000284
69,72.5,73.05,0.5499999999999972
70,73.5,73.6,0.09999999999999432
71,71.85,72.0,0.15000000000000568
72,71.6,72.1,0.5
73,70.8,71.35,0.5499999999999972
74,69.0,69.2,0.20000000000000284
75,68.6,69.75,1.1500000000000057
76,69.35,69.65,0.30000000000001137
77,69.6,69.65,0.05000000000001137
78,70.75,71.1,0.3499999999999943
79,72.4,72.55,0.14999999999999147
80,71.95,72.35,0.3999999999999915
81,73.15,73.6,0.44999999999998863
82,71.6,71.6,0.0
83,69.55,69.75,0.20000000000000284
84,70.25,70.65,0.4000000000000057
85,71.05,71.65,0.6000000000000085
86,70.7,71.05,0.3499999999999943
87,71.6,72.0,0.4000000000000057
88,68.5,68.85,0.3499999999999943
89,70.35,70.45,0.10000000000000853
90,72.3,72.05,-0.25
91,74.35,74.75,0.4000000000000057
92,75.65,75.7,0.04999999999999716
93,73.85,73.9,0.05000000000001137
94,73.2,73.35,0.14999999999999147
95,72.7,73.0,0.29999999999999716
96,72.5,72.9,0.4000000000000057
97,73.55,73.8,0.25
98,73.6,74.2,0.6000000000000085
99,69.9,70.0,0.09999999999999432
100,69.05,69.45,0.4000000000000057
101,69.45,70.0,0.5499999999999972
102,70.55,71.3,0.75
103,70.85,71.15,0.30000000000001137
104,71.3,71.75,0.45000000000000284
105,72.2,73.05,0.8499999999999943
106,73.95,73.85,-0.10000000000000853
107,73.4,74.2,0.7999999999999972
108,72.4,72.9,0.5
109,71.0,71.25,0.25
110,69.1,69.3,0.20000000000000284
111,67.8,68.75,0.9500000000000028
112,70.8,71.45,0.6500000000000057
113,68.8,68.75,-0.04999999999999716
114,68.2,68.7,0.5
115,69.75,70.25,0.5
116,70.45,70.9,0.45000000000000284
117,69.85,70.25,0.4000000000000057
118,69.9,70.15,0.25
119,71.05,71.25,0.20000000000000284
120,71.35,71.8,0.45000000000000284
121,71.5,72.55,1.0499999999999972
122,66.75,68.25,1.5
123,69.85,70.65,0.8000000000000114
124,69.25,70.0,0.75
125,68.35,68.85,0.5
126,69.0,69.25,0.25
127,68.55,69.05,0.5
128,67.85,68.2,0.3500000000000085
129,68.65,68.9,0.25
130,66.7,67.2,0.5
131,65.9,66.2,0.29999999999999716
132,66.85,67.2,0.3500000000000085
133,66.65,66.9,0.25
134,68.2,68.6,0.3999999999999915
135,68.05,68.35,0.29999999999999716
136,68.9,69.5,0.5999999999999943
137,69.3,69.5,0.20000000000000284
138,69.55,70.05,0.5
139,70.1,70.8,0.7000000000000028
140,70.55,71.3,0.75
141,69.95,70.1,0.14999999999999147
142,70.35,70.65,0.30000000000001137
143,72.95,72.95,0.0
144,72.6,73.4,0.8000000000000114
145,73.95,74.9,0.9500000000000028
146,74.9,75.1,0.19999999999998863
147,79.4,79.7,0.29999999999999716
148,79.25,79.45,0.20000000000000284
149,79.9,80.6,0.6999999999999886
150,80.6,81.05,0.45000000000000284
151,80.85,81.7,0.8500000000000085
152,83.45,84.05,0.5999999999999943
153,82.7,83.4,0.7000000000000028
154,83.65,84.35,0.6999999999999886
155,80.55,81.0,0.45000000000000284
156,79.9,79.55,-0.3500000000000085
157,79.2,80.45,1.25
158,80.05,80.35,0.29999999999999716
159,80.5,81.2,0.7000000000000028
160,79.7,80.25,0.5499999999999972
161,68.2,68.95,0.75
162,69.9,70.65,0.75
163,70.45,71.1,0.6499999999999915
164,71.35,71.4,0.05000000000001137
165,72.45,72.65,0.20000000000000284
166,71.4,72.9,1.5
167,72.95,73.2,0.25
168,72.85,72.8,-0.04999999999999716
169,73.35,73.5,0.15000000000000568
170,73.65,73.9,0.25
171,73.4,73.85,0.44999999999998863
172,74.2,75.1,0.8999999999999915
173,72.95,73.25,0.29999999999999716
174,74.0,73.85,-0.15000000000000568
175,74.7,74.55,-0.15000000000000568
176,74.6,74.8,0.20000000000000284
177,75.05,75.5,0.45000000000000284
178,75.6,75.4,-0.19999999999998863
179,74.5,74.8,0.29999999999999716
180,74.9,75.6,0.6999999999999886
181,74.15,76.65,2.5
182,76.6,76.85,0.25
183,76.6,77.45,0.8500000000000085
184,78.0,78.65,0.6500000000000057
185,77.65,77.5,-0.15000000000000568
186,75.3,76.3,1.0
187,76.35,76.45,0.10000000000000853
188,75.95,76.4,0.45000000000000284
189,75.4,75.55,0.14999999999999147
190,73.9,74.3,0.3999999999999915
191,73.8,74.15,0.3500000000000085
192,73.55,73.6,0.04999999999999716
193,73.65,73.6,-0.05000000000001137
194,73.55,74.0,0.45000000000000284
195,73.55,74.1,0.5499999999999972
196,71.75,72.15,0.4000000000000057
197,69.55,69.95,0.4000000000000057
198,70.15,70.65,0.5
199,69.5,70.1,0.5999999999999943
200,72.2,73.05,0.8499999999999943
201,70.75,71.15,0.4000000000000057
