,buy,sell,net
0,82.85,81.25,-1.5999999999999943
1,83.75,83.5,-0.25
2,85.05,85.2,0.15000000000000568
3,85.7,85.35,-0.3500000000000085
4,85.1,85.25,0.15000000000000568
5,78.7,80.0,1.2999999999999972
6,80.3,80.85,0.5499999999999972
7,78.3,79.2,0.9000000000000057
8,79.45,79.3,-0.15000000000000568
9,77.55,77.85,0.29999999999999716
10,73.95,74.85,0.8999999999999915
11,75.4,75.2,-0.20000000000000284
12,75.45,75.35,-0.10000000000000853
13,74.85,75.15,0.30000000000001137
14,74.65,75.05,0.3999999999999915
15,74.45,74.75,0.29999999999999716
16,73.8,73.55,-0.25
17,73.8,73.8,0.0
18,73.5,74.05,0.5499999999999972
19,74.2,74.9,0.7000000000000028
20,75.0,75.05,0.04999999999999716
21,74.9,74.85,-0.05000000000001137
22,75.15,75.45,0.29999999999999716
23,76.25,76.5,0.25
24,76.2,76.85,0.6499999999999915
25,77.05,77.75,0.7000000000000028
26,76.5,76.35,-0.15000000000000568
27,76.45,76.15,-0.29999999999999716
28,75.5,75.0,-0.5
29,74.0,74.25,0.25
30,74.0,74.1,0.09999999999999432
31,74.6,74.3,-0.29999999999999716
32,72.3,72.3,0.0
33,71.05,71.05,0.0
34,71.05,71.3,0.25
35,71.45,71.7,0.25
36,72.2,72.15,-0.04999999999999716
37,72.55,73.2,0.6500000000000057
38,73.1,73.45,0.3500000000000085
39,73.35,73.15,-0.19999999999998863
40,71.05,71.15,0.10000000000000853
41,70.05,69.55,-0.5
42,70.45,70.75,0.29999999999999716
43,70.9,71.05,0.14999999999999147
44,70.65,71.0,0.3499999999999943
45,70.2,70.65,0.45000000000000284
46,69.95,70.2,0.25
47,70.55,71.15,0.6000000000000085
48,71.7,71.85,0.14999999999999147
49,72.15,72.2,0.04999999999999716
50,71.15,70.85,-0.30000000000001137
51,70.4,71.3,0.8999999999999915
52,71.3,71.8,0.5
53,72.0,72.55,0.5499999999999972
54,72.85,72.9,0.05000000000001137
55,67.9,68.5,0.5999999999999943
56,70.3,70.8,0.5
57,70.9,70.8,-0.10000000000000853
58,70.95,71.55,0.5999999999999943
59,71.65,71.45,-0.20000000000000284
60,70.75,71.15,0.4000000000000057
61,70.85,70.75,-0.09999999999999432
62,70.95,71.65,0.7000000000000028
63,65.15,65.5,0.3499999999999943
64,65.0,64.9,-0.09999999999999432
65,64.8,65.25,0.45000000000000284
66,64.25,65.7,1.4500000000000028
67,66.0,65.7,-0.29999999999999716
68,66.3,66.45,0.15000000000000568
69,65.4,65.4,0.0
70,64.25,64.65,0.4000000000000057
71,61.1,60.8,-0.30000000000000426
72,61.1,61.2,0.10000000000000142
73,58.95,59.3,0.3499999999999943
74,58.7,59.55,0.8499999999999943
75,60.4,60.7,0.30000000000000426
76,59.45,59.7,0.25
77,60.15,60.35,0.20000000000000284
78,60.8,61.05,0.25
79,60.3,60.35,0.05000000000000426
80,58.45,58.65,0.19999999999999574
81,58.7,58.8,0.09999999999999432
82,58.35,58.55,0.19999999999999574
83,60.1,60.5,0.3999999999999986
84,61.85,62.2,0.3500000000000014
85,60.5,61.0,0.5
86,62.4,62.2,-0.19999999999999574
87,62.3,62.85,0.5500000000000043
88,63.0,63.35,0.3500000000000014
89,63.95,64.4,0.45000000000000284
90,63.35,63.35,0.0
91,64.75,64.45,-0.29999999999999716
92,64.5,64.5,0.0
93,64.1,64.3,0.20000000000000284
94,63.4,63.3,-0.10000000000000142
95,64.65,64.5,-0.15000000000000568
96,63.25,63.5,0.25
97,62.9,63.4,0.5
98,62.25,62.85,0.6000000000000014
99,62.9,63.2,0.30000000000000426
100,64.65,64.7,0.04999999999999716
101,64.1,64.2,0.10000000000000853
102,60.35,60.4,0.04999999999999716
103,60.55,60.55,0.0
104,60.7,61.0,0.29999999999999716
105,60.9,61.05,0.14999999999999858
106,60.8,61.05,0.25
107,60.8,61.1,0.30000000000000426
108,61.4,62.15,0.75
109,62.8,62.95,0.15000000000000568
110,63.2,63.5,0.29999999999999716
111,64.5,64.95,0.45000000000000284
112,64.95,65.65,0.7000000000000028
113,64.5,64.7,0.20000000000000284
114,64.65,65.05,0.3999999999999915
115,63.8,64.0,0.20000000000000284
116,64.65,64.9,0.25
117,63.55,63.6,0.05000000000000426
118,63.3,63.9,0.6000000000000014
119,62.85,63.0,0.14999999999999858
120,61.65,62.25,0.6000000000000014
121,61.05,61.5,0.45000000000000284
122,60.9,61.25,0.3500000000000014
123,61.1,61.5,0.3999999999999986
124,61.2,61.5,0.29999999999999716
125,61.85,62.25,0.3999999999999986
126,62.3,62.35,0.05000000000000426
127,62.6,62.8,0.19999999999999574
128,63.85,64.3,0.44999999999999574
129,64.35,64.7,0.3500000000000085
130,64.05,64.8,0.75
131,62.85,63.0,0.14999999999999858
132,63.65,63.4,-0.25
133,62.5,62.9,0.3999999999999986
134,61.85,62.1,0.25
135,61.55,61.85,0.30000000000000426
136,62.1,62.45,0.3500000000000014
137,62.2,62.85,0.6499999999999986
138,62.4,62.55,0.14999999999999858
139,62.6,63.0,0.3999999999999986
140,62.8,63.1,0.30000000000000426
141,63.15,63.4,0.25
142,64.05,64.4,0.3500000000000085
143,64.6,64.75,0.15000000000000568
144,64.4,64.9,0.5
145,65.05,65.35,0.29999999999999716
146,65.4,65.9,0.5
147,66.85,67.5,0.6500000000000057
148,67.8,68.65,0.8500000000000085
149,68.15,68.05,-0.10000000000000853
150,67.75,67.35,-0.4000000000000057
151,66.05,65.95,-0.09999999999999432
152,64.85,65.3,0.45000000000000284
153,65.7,65.9,0.20000000000000284
154,66.8,67.3,0.5
155,67.4,67.7,0.29999999999999716
156,65.45,65.45,0.0
157,64.8,64.6,-0.20000000000000284
158,65.6,65.8,0.20000000000000284
159,65.75,65.95,0.20000000000000284
160,66.95,67.2,0.25
161,63.35,63.95,0.6000000000000014
162,63.7,64.35,0.6499999999999915
163,65.95,66.4,0.45000000000000284
164,65.5,65.8,0.29999999999999716
165,63.7,64.15,0.45000000000000284
166,64.2,64.65,0.45000000000000284
167,64.5,64.65,0.15000000000000568
168,64.35,64.55,0.20000000000000284
169,64.35,64.65,0.30000000000001137
170,60.75,60.9,0.14999999999999858
171,61.0,60.9,-0.10000000000000142
172,62.1,62.55,0.44999999999999574
173,62.65,63.05,0.3999999999999986
174,63.3,64.05,0.75
175,63.75,64.1,0.3499999999999943
176,56.8,57.1,0.30000000000000426
177,57.25,57.75,0.5
178,53.95,54.55,0.5999999999999943
179,54.1,55.15,1.0499999999999972
180,53.55,54.0,0.45000000000000284
181,53.75,54.3,0.5499999999999972
182,53.4,53.7,0.30000000000000426
183,53.0,53.15,0.14999999999999858
184,52.85,52.85,0.0
185,52.95,53.25,0.29999999999999716
186,54.0,54.3,0.29999999999999716
187,52.95,53.15,0.19999999999999574
188,53.15,53.6,0.45000000000000284
189,53.45,53.85,0.3999999999999986
190,51.7,52.05,0.3499999999999943
191,52.45,52.85,0.3999999999999986
192,52.95,53.7,0.75
193,53.85,54.2,0.3500000000000014
194,54.05,54.5,0.45000000000000284
195,53.2,52.8,-0.4000000000000057
196,52.55,52.7,0.15000000000000568
197,52.85,53.05,0.19999999999999574
198,51.6,51.7,0.10000000000000142
199,51.4,51.5,0.10000000000000142
200,51.3,51.7,0.4000000000000057
201,50.4,50.55,0.14999999999999858
202,50.65,50.9,0.25
203,51.0,51.25,0.25
204,51.35,51.6,0.25
205,52.75,52.9,0.14999999999999858
206,54.0,54.1,0.10000000000000142
207,54.35,54.45,0.10000000000000142
208,54.2,54.45,0.25
209,54.65,54.95,0.30000000000000426
210,54.7,55.0,0.29999999999999716
211,55.35,55.5,0.14999999999999858
212,54.25,54.7,0.45000000000000284
213,55.0,55.25,0.25
214,53.65,53.7,0.05000000000000426
215,53.3,53.65,0.3500000000000014
216,53.4,53.55,0.14999999999999858
217,53.6,53.9,0.29999999999999716
218,53.5,53.95,0.45000000000000284
219,53.9,54.2,0.30000000000000426
220,54.35,54.6,0.25
221,54.85,55.05,0.19999999999999574
222,55.95,56.4,0.44999999999999574
223,56.55,57.0,0.45000000000000284
224,57.65,57.85,0.20000000000000284
225,57.65,57.95,0.30000000000000426
226,58.05,58.45,0.4000000000000057
227,56.3,56.7,0.4000000000000057
228,55.2,55.2,0.0
229,53.3,53.4,0.10000000000000142
230,52.05,52.4,0.3500000000000014
231,53.15,53.25,0.10000000000000142
232,54.05,54.4,0.3500000000000014
233,52.45,52.75,0.29999999999999716
