,buy,sell,net
0,62.9,64.65,1.750000000000007
1,64.2,64.0,-0.20000000000000284
2,66.3,66.85,0.5499999999999972
3,67.05,67.95,0.9000000000000057
4,69.3,69.65,0.3500000000000085
5,70.3,71.15,0.8500000000000085
6,71.95,73.6,1.6499999999999915
7,70.9,70.7,-0.20000000000000284
8,71.1,71.5,0.4000000000000057
9,71.9,72.25,0.3499999999999943
10,74.05,74.7,0.6500000000000057
11,73.35,73.7,0.3500000000000085
12,74.7,74.5,-0.20000000000000284
13,75.55,76.15,0.6000000000000085
14,76.35,76.5,0.15000000000000568
15,75.9,76.3,0.3999999999999915
16,77.35,78.45,1.1000000000000085
17,73.15,73.9,0.75
18,73.0,73.55,0.5499999999999972
19,74.2,75.5,1.2999999999999972
20,75.6,76.5,0.9000000000000057
21,76.8,77.2,0.4000000000000057
22,75.4,76.05,0.6499999999999915
23,73.7,73.75,0.04999999999999716
24,74.4,74.25,-0.15000000000000568
25,74.85,75.35,0.5
26,74.1,74.2,0.10000000000000853
27,76.0,75.75,-0.25
28,75.8,76.85,1.0499999999999972
29,76.2,76.9,0.7000000000000028
30,76.6,76.9,0.30000000000001137
31,77.15,77.9,0.75
32,74.15,74.75,0.5999999999999943
33,71.35,71.85,0.5
34,72.15,72.55,0.3999999999999915
35,73.0,73.6,0.5999999999999943
36,71.4,71.7,0.29999999999999716
37,71.25,71.55,0.29999999999999716
38,70.3,70.4,0.10000000000000853
39,69.1,69.8,0.7000000000000028
40,69.0,69.8,0.7999999999999972
41,69.95,70.45,0.5
42,69.45,70.25,0.7999999999999972
43,71.4,71.55,0.14999999999999147
44,69.35,69.9,0.5500000000000114
45,70.05,69.85,-0.20000000000000284
46,67.3,67.4,0.10000000000000853
47,66.6,67.35,0.75
48,66.25,66.7,0.45000000000000284
49,65.35,65.15,-0.19999999999998863
50,64.0,63.85,-0.14999999999999858
51,64.2,65.0,0.7999999999999972
52,65.1,65.6,0.5
53,65.55,66.05,0.5
54,67.4,66.8,-0.6000000000000085
55,66.35,66.05,-0.29999999999999716
56,65.25,65.8,0.5499999999999972
57,64.7,65.3,0.5999999999999943
58,63.9,63.5,-0.3999999999999986
59,62.1,62.35,0.25
60,60.65,61.35,0.7000000000000028
61,62.0,62.15,0.14999999999999858
62,60.2,61.05,0.8499999999999943
63,61.8,62.0,0.20000000000000284
64,61.8,61.9,0.10000000000000142
65,61.1,61.4,0.29999999999999716
66,61.85,61.75,-0.10000000000000142
67,59.65,59.85,0.20000000000000284
68,59.95,60.55,0.5999999999999943
69,60.65,60.95,0.30000000000000426
70,60.25,60.5,0.25
71,60.85,61.1,0.25
72,60.65,60.9,0.25
73,60.65,61.2,0.5500000000000043
74,60.25,60.55,0.29999999999999716
75,60.65,61.0,0.3500000000000014
76,59.9,60.1,0.20000000000000284
77,60.25,60.45,0.20000000000000284
78,60.8,61.1,0.30000000000000426
79,61.1,61.7,0.6000000000000014
80,61.7,61.8,0.09999999999999432
81,62.4,62.5,0.10000000000000142
82,62.6,63.2,0.6000000000000014
83,63.25,63.6,0.3500000000000014
84,63.0,63.1,0.10000000000000142
85,62.35,62.25,-0.10000000000000142
86,61.85,61.75,-0.10000000000000142
87,62.7,62.95,0.25
88,58.75,58.9,0.14999999999999858
89,56.7,57.0,0.29999999999999716
90,55.85,56.2,0.3500000000000014
91,56.3,56.4,0.10000000000000142
92,56.5,57.0,0.5
93,57.45,58.2,0.75
94,57.3,58.15,0.8500000000000014
95,57.4,57.6,0.20000000000000284
96,58.1,58.15,0.04999999999999716
97,58.5,58.45,-0.04999999999999716
98,57.45,57.75,0.29999999999999716
99,57.9,58.3,0.3999999999999986
100,59.1,59.8,0.6999999999999957
101,59.95,60.4,0.44999999999999574
102,60.55,60.55,0.0
103,60.65,62.15,1.5
104,63.55,63.05,-0.5
105,62.35,63.0,0.6499999999999986
106,63.2,63.1,-0.10000000000000142
107,62.5,62.4,-0.10000000000000142
108,62.4,63.05,0.6499999999999986
109,58.9,59.5,0.6000000000000014
110,59.6,60.7,1.1000000000000014
111,60.35,60.8,0.44999999999999574
112,60.75,60.8,0.04999999999999716
113,58.6,58.65,0.04999999999999716
114,57.85,58.45,0.6000000000000014
115,55.95,56.3,0.3499999999999943
116,56.4,56.45,0.05000000000000426
117,56.35,57.0,0.6499999999999986
118,56.35,56.2,-0.14999999999999858
119,56.75,56.95,0.20000000000000284
120,57.3,57.35,0.05000000000000426
121,50.65,51.05,0.3999999999999986
122,50.95,51.3,0.3499999999999943
123,51.35,51.85,0.5
124,53.15,53.55,0.3999999999999986
125,53.4,54.2,0.8000000000000043
126,54.25,54.85,0.6000000000000014
127,53.0,53.2,0.20000000000000284
128,53.0,53.2,0.20000000000000284
129,52.0,52.45,0.45000000000000284
130,52.2,52.45,0.25
131,52.55,52.75,0.20000000000000284
132,52.75,53.0,0.25
133,53.25,53.6,0.3500000000000014
134,53.25,53.5,0.25
135,53.6,53.95,0.3500000000000014
136,54.0,53.9,-0.10000000000000142
137,53.45,53.8,0.3499999999999943
138,53.75,54.1,0.3500000000000014
139,52.9,53.15,0.25
140,52.9,53.45,0.5500000000000043
141,51.55,52.15,0.6000000000000014
142,50.4,51.0,0.6000000000000014
143,51.1,51.3,0.19999999999999574
144,49.05,49.3,0.25
145,49.1,49.3,0.19999999999999574
146,48.15,48.6,0.45000000000000284
147,47.85,47.65,-0.20000000000000284
148,47.7,48.35,0.6499999999999986
149,48.2,48.6,0.3999999999999986
150,48.7,48.8,0.09999999999999432
151,48.7,49.35,0.6499999999999986
152,49.6,50.35,0.75
153,49.15,49.35,0.20000000000000284
154,50.0,50.2,0.20000000000000284
155,49.5,49.9,0.3999999999999986
156,49.95,50.2,0.25
157,48.95,49.3,0.3499999999999943
158,46.4,47.0,0.6000000000000014
159,47.0,47.3,0.29999999999999716
160,46.6,46.9,0.29999999999999716
161,46.5,46.9,0.3999999999999986
162,46.7,47.45,0.75
163,47.35,47.4,0.04999999999999716
164,47.7,47.85,0.14999999999999858
165,47.55,47.8,0.25
166,47.45,47.9,0.44999999999999574
167,48.55,49.0,0.45000000000000284
168,49.25,49.55,0.29999999999999716
169,49.8,50.1,0.30000000000000426
170,50.25,50.45,0.20000000000000284
171,50.65,50.8,0.14999999999999858
172,50.9,51.35,0.45000000000000284
173,51.3,51.6,0.30000000000000426
174,51.85,52.0,0.14999999999999858
175,52.15,52.35,0.20000000000000284
176,53.25,53.55,0.29999999999999716
177,53.3,53.8,0.5
178,53.15,53.15,0.0
179,53.6,53.95,0.3500000000000014
180,55.15,55.5,0.3500000000000014
181,55.15,55.3,0.14999999999999858
182,54.9,55.35,0.45000000000000284
183,54.55,54.75,0.20000000000000284
184,49.95,50.1,0.14999999999999858
185,50.25,51.5,1.25
186,50.7,51.1,0.3999999999999986
187,51.0,51.55,0.5499999999999972
188,51.95,52.45,0.5
189,54.6,55.05,0.44999999999999574
190,54.65,54.9,0.25
191,55.25,55.65,0.3999999999999986
192,55.35,55.55,0.19999999999999574
193,54.4,54.8,0.3999999999999986
194,53.6,54.0,0.3999999999999986
195,49.95,50.35,0.3999999999999986
196,48.95,49.0,0.04999999999999716
197,48.5,48.75,0.25
198,48.5,49.2,0.7000000000000028
199,47.25,48.15,0.8999999999999986
200,48.1,48.55,0.44999999999999574
201,49.15,49.05,-0.10000000000000142
202,43.7,43.6,-0.10000000000000142
203,43.05,43.5,0.45000000000000284
204,42.7,42.8,0.09999999999999432
205,42.35,42.8,0.44999999999999574
206,42.55,42.9,0.3500000000000014
207,43.9,44.1,0.20000000000000284
208,44.7,45.2,0.5
209,44.85,45.15,0.29999999999999716
210,44.65,45.0,0.3500000000000014
211,45.4,45.6,0.20000000000000284
212,45.25,45.4,0.14999999999999858
213,46.1,46.4,0.29999999999999716
214,45.8,46.15,0.3500000000000014
215,46.25,46.8,0.5499999999999972
216,47.45,47.7,0.25
217,47.95,47.85,-0.10000000000000142
218,48.85,49.3,0.44999999999999574
219,49.0,49.15,0.14999999999999858
220,49.15,49.65,0.5
221,49.9,50.25,0.3500000000000014
222,49.95,50.2,0.25
223,49.85,50.35,0.5
