,buy,sell,net
0,55.8,57.4,1.6000000000000014
1,55.7,56.4,0.6999999999999957
2,56.9,58.55,1.6499999999999986
3,58.1,59.25,1.1499999999999986
4,50.4,50.45,0.05000000000000426
5,46.45,46.7,0.25
6,45.6,46.1,0.5
7,44.45,44.2,-0.25
8,44.8,45.45,0.6500000000000057
9,45.6,45.9,0.29999999999999716
10,46.0,47.1,1.1000000000000014
11,45.9,46.7,0.8000000000000043
12,47.05,47.4,0.3500000000000014
13,47.7,48.2,0.5
14,47.95,48.35,0.3999999999999986
15,48.35,48.65,0.29999999999999716
16,45.55,45.5,-0.04999999999999716
17,46.55,47.5,0.9500000000000028
18,47.4,48.3,0.8999999999999986
19,47.05,47.0,-0.04999999999999716
20,46.9,47.75,0.8500000000000014
21,47.85,47.95,0.10000000000000142
22,45.85,46.35,0.5
23,45.05,46.1,1.0500000000000043
24,46.15,46.7,0.5500000000000043
25,45.4,46.2,0.8000000000000043
26,45.3,45.7,0.4000000000000057
27,44.55,44.95,0.4000000000000057
28,45.05,45.95,0.9000000000000057
29,44.95,45.5,0.5499999999999972
30,45.55,45.95,0.4000000000000057
31,47.65,47.85,0.20000000000000284
32,47.75,48.2,0.45000000000000284
33,48.25,48.5,0.25
34,48.8,49.45,0.6500000000000057
35,48.95,49.15,0.19999999999999574
36,48.1,48.2,0.10000000000000142
37,48.55,48.9,0.3500000000000014
38,48.25,48.25,0.0
39,47.05,47.05,0.0
40,47.15,47.3,0.14999999999999858
41,48.1,48.3,0.19999999999999574
42,48.45,49.0,0.5499999999999972
43,48.95,48.8,-0.15000000000000568
44,48.9,49.15,0.25
45,49.25,49.95,0.7000000000000028
46,50.35,50.65,0.29999999999999716
47,51.05,51.65,0.6000000000000014
48,50.8,51.15,0.3500000000000014
49,51.45,51.75,0.29999999999999716
50,51.45,52.35,0.8999999999999986
51,51.85,52.4,0.5499999999999972
52,52.4,53.2,0.8000000000000043
53,52.35,51.85,-0.5
54,52.1,52.15,0.04999999999999716
55,51.6,52.0,0.3999999999999986
56,52.15,53.2,1.0500000000000043
57,53.25,53.85,0.6000000000000014
58,52.35,52.7,0.3500000000000014
59,53.25,53.85,0.6000000000000014
60,54.05,54.35,0.30000000000000426
61,53.95,54.65,0.6999999999999957
62,54.3,55.4,1.1000000000000014
63,55.45,55.5,0.04999999999999716
64,55.5,56.5,1.0
65,57.35,58.25,0.8999999999999986
66,56.6,56.7,0.10000000000000142
67,57.4,58.0,0.6000000000000014
68,57.15,58.1,0.9500000000000028
69,58.2,59.35,1.1499999999999986
70,59.55,59.6,0.05000000000000426
71,59.05,60.25,1.2000000000000028
72,60.3,60.55,0.25
73,60.35,61.3,0.9499999999999957
74,61.35,62.35,1.0
75,62.5,63.45,0.9500000000000028
76,63.25,64.25,1.0
77,62.6,63.35,0.75
78,61.3,62.05,0.75
79,57.95,58.2,0.25
80,56.35,56.85,0.5
81,55.45,56.6,1.1499999999999986
82,55.65,55.95,0.30000000000000426
83,56.25,56.35,0.10000000000000142
84,56.8,57.2,0.4000000000000057
85,57.35,58.2,0.8500000000000014
86,57.95,58.55,0.5999999999999943
87,60.0,61.1,1.1000000000000014
88,61.65,61.95,0.30000000000000426
89,62.55,62.1,-0.44999999999999574
90,62.1,63.3,1.1999999999999957
91,63.95,63.7,-0.25
92,63.8,64.25,0.45000000000000284
93,63.3,63.9,0.6000000000000014
94,64.9,65.2,0.29999999999999716
95,61.65,61.95,0.30000000000000426
96,60.65,61.5,0.8500000000000014
97,58.65,58.95,0.30000000000000426
98,56.9,57.3,0.3999999999999986
99,50.65,50.5,-0.14999999999999858
100,52.4,52.2,-0.19999999999999574
101,51.35,51.5,0.14999999999999858
102,53.8,54.15,0.3500000000000014
103,53.25,54.1,0.8500000000000014
104,54.15,54.1,-0.04999999999999716
105,54.15,54.7,0.5500000000000043
106,55.45,55.5,0.04999999999999716
107,54.7,55.45,0.75
108,55.6,56.7,1.1000000000000014
109,56.95,57.55,0.5999999999999943
110,57.7,58.1,0.3999999999999986
111,59.3,59.2,-0.09999999999999432
112,59.0,59.55,0.5499999999999972
113,60.0,60.05,0.04999999999999716
114,60.75,61.15,0.3999999999999986
115,61.35,61.7,0.3500000000000014
116,61.7,61.55,-0.15000000000000568
117,61.0,61.1,0.10000000000000142
118,58.2,58.95,0.75
119,59.05,59.7,0.6500000000000057
120,62.45,62.65,0.19999999999999574
121,64.2,65.9,1.7000000000000028
122,66.2,66.85,0.6499999999999915
123,64.55,65.35,0.7999999999999972
124,61.8,62.9,1.1000000000000014
125,64.0,64.45,0.45000000000000284
126,63.8,64.55,0.75
127,64.1,64.1,0.0
128,63.15,63.55,0.3999999999999986
129,61.4,61.7,0.30000000000000426
130,61.4,61.95,0.5500000000000043
131,60.55,61.0,0.45000000000000284
132,60.6,60.75,0.14999999999999858
133,60.15,60.1,-0.04999999999999716
134,59.2,59.1,-0.10000000000000142
135,58.95,59.65,0.6999999999999957
136,60.5,61.15,0.6499999999999986
137,60.95,61.15,0.19999999999999574
138,61.35,61.8,0.44999999999999574
139,61.7,61.55,-0.15000000000000568
140,62.25,62.55,0.29999999999999716
141,62.5,62.85,0.3500000000000014
142,62.35,62.8,0.44999999999999574
143,63.35,63.45,0.10000000000000142
144,63.6,63.5,-0.10000000000000142
145,63.55,64.3,0.75
146,65.1,65.0,-0.09999999999999432
147,64.75,65.05,0.29999999999999716
148,66.35,66.75,0.4000000000000057
149,67.2,68.0,0.7999999999999972
150,67.1,66.75,-0.3499999999999943
151,67.0,67.8,0.7999999999999972
152,68.35,69.25,0.9000000000000057
153,67.7,68.05,0.3499999999999943
154,67.55,68.1,0.5499999999999972
155,67.75,68.15,0.4000000000000057
156,68.1,68.45,0.3500000000000085
157,68.4,68.7,0.29999999999999716
158,66.6,67.05,0.45000000000000284
159,66.6,67.2,0.6000000000000085
160,66.75,67.9,1.1500000000000057
161,67.1,67.5,0.4000000000000057
162,66.75,67.35,0.5999999999999943
163,65.65,66.1,0.44999999999998863
164,66.85,67.25,0.4000000000000057
165,66.3,66.15,-0.14999999999999147
166,68.1,69.0,0.9000000000000057
167,68.15,69.25,1.0999999999999943
168,69.45,71.0,1.5499999999999972
169,71.25,72.35,1.0999999999999943
170,72.4,72.6,0.19999999999998863
171,72.05,73.1,1.0499999999999972
172,73.5,73.65,0.15000000000000568
173,71.1,71.2,0.10000000000000853
174,72.45,73.3,0.8499999999999943
175,71.9,73.3,1.3999999999999915
176,74.15,74.4,0.25
177,71.25,71.45,0.20000000000000284
178,70.75,71.15,0.4000000000000057
179,71.3,71.75,0.45000000000000284
180,71.8,71.85,0.04999999999999716
181,70.6,71.35,0.75
182,71.6,71.9,0.30000000000001137
183,72.25,72.0,-0.25
184,71.6,72.2,0.6000000000000085
185,71.7,72.45,0.75
186,72.4,72.8,0.3999999999999915
187,70.85,71.5,0.6500000000000057
188,67.4,68.05,0.6499999999999915
189,68.6,68.85,0.25
190,69.7,69.7,0.0
191,67.0,67.25,0.25
192,66.65,67.1,0.44999999999998863
193,65.9,66.25,0.3499999999999943
194,65.55,66.05,0.5
195,66.65,67.55,0.8999999999999915
196,66.5,66.7,0.20000000000000284
197,66.6,66.9,0.30000000000001137
198,67.35,67.6,0.25
199,62.2,62.5,0.29999999999999716
200,61.45,62.25,0.7999999999999972
201,62.3,62.6,0.30000000000000426
202,59.5,60.1,0.6000000000000014
203,60.45,60.9,0.44999999999999574
204,61.2,61.25,0.04999999999999716
205,61.5,61.95,0.45000000000000284
206,62.2,62.6,0.3999999999999986
207,61.25,61.5,0.25
208,60.6,61.3,0.6999999999999957
209,63.1,63.45,0.3500000000000014
210,63.3,63.7,0.4000000000000057
211,63.1,64.25,1.1499999999999986
212,64.95,65.15,0.20000000000000284
213,66.15,67.35,1.1999999999999886
214,61.35,61.65,0.29999999999999716
215,62.0,62.2,0.20000000000000284
216,62.2,62.55,0.3499999999999943
217,62.95,63.3,0.3499999999999943
218,63.25,63.5,0.25
219,63.3,63.8,0.5
220,64.0,64.35,0.3499999999999943
221,64.0,63.9,-0.10000000000000142
222,69.45,70.0,0.5499999999999972
223,70.35,71.4,1.0500000000000114
224,70.0,70.1,0.09999999999999432
225,67.65,68.0,0.3499999999999943
226,68.0,68.4,0.4000000000000057
227,66.6,67.05,0.45000000000000284
228,67.6,67.7,0.10000000000000853
229,68.2,68.55,0.3499999999999943
230,69.1,69.65,0.5500000000000114
231,71.2,71.6,0.3999999999999915
232,71.9,72.15,0.25
233,73.7,74.1,0.3999999999999915
234,74.2,75.45,1.25
235,75.75,76.9,1.1500000000000057
236,76.05,75.95,-0.09999999999999432
237,78.05,78.55,0.5
238,77.1,77.1,0.0
239,76.05,76.7,0.6500000000000057
240,75.6,76.45,0.8500000000000085
241,76.65,77.8,1.1499999999999915
242,77.15,77.7,0.5499999999999972
243,77.25,78.0,0.75
244,76.35,76.2,-0.14999999999999147
245,76.4,76.8,0.3999999999999915
246,77.15,77.95,0.7999999999999972
247,76.85,77.25,0.4000000000000057
248,76.3,76.7,0.4000000000000057
249,76.45,76.9,0.45000000000000284
250,77.1,77.55,0.45000000000000284
251,78.85,79.65,0.8000000000000114
252,81.3,81.5,0.20000000000000284
253,81.15,81.85,0.6999999999999886
254,82.3,83.2,0.9000000000000057
255,81.3,81.65,0.3500000000000085
256,81.25,81.85,0.5999999999999943
257,81.9,82.7,0.7999999999999972
258,80.0,80.1,0.09999999999999432
259,80.1,80.35,0.25
260,80.15,80.55,0.3999999999999915
261,79.35,79.7,0.3500000000000085
262,79.8,81.05,1.25
263,79.2,79.5,0.29999999999999716
264,77.45,77.65,0.20000000000000284
265,75.3,75.75,0.45000000000000284
266,76.35,76.2,-0.14999999999999147
267,75.75,75.95,0.20000000000000284
268,76.1,76.7,0.6000000000000085
269,76.55,76.85,0.29999999999999716
270,76.85,77.45,0.6000000000000085
271,76.55,76.8,0.25
272,74.85,75.6,0.75
273,75.75,76.2,0.45000000000000284
274,76.4,76.7,0.29999999999999716
275,75.9,75.95,0.04999999999999716
276,75.0,74.85,-0.15000000000000568
277,72.15,72.85,0.6999999999999886
278,73.5,74.35,0.8499999999999943
279,75.1,75.4,0.30000000000001137
280,75.05,75.8,0.75
281,73.55,74.5,0.9500000000000028
282,73.45,73.75,0.29999999999999716
283,73.8,73.95,0.15000000000000568
284,74.2,74.55,0.3499999999999943
285,74.05,75.0,0.9500000000000028
286,75.15,75.3,0.14999999999999147
287,75.4,75.5,0.09999999999999432
288,72.65,72.75,0.09999999999999432
289,72.9,72.95,0.04999999999999716
290,71.85,72.05,0.20000000000000284
291,71.5,72.6,1.0999999999999943
292,72.1,72.65,0.5500000000000114
293,69.5,70.1,0.5999999999999943
294,69.1,69.65,0.5500000000000114
295,69.75,70.1,0.3499999999999943
296,70.3,70.9,0.6000000000000085
297,70.85,71.3,0.45000000000000284
298,70.9,70.85,-0.05000000000001137
299,71.2,71.35,0.14999999999999147
300,70.8,71.2,0.4000000000000057
301,70.1,70.1,0.0
302,68.4,68.4,0.0
303,68.55,68.8,0.25
304,69.45,70.35,0.8999999999999915
305,65.85,66.3,0.45000000000000284
306,66.7,67.4,0.7000000000000028
307,67.5,67.85,0.3499999999999943
308,65.5,66.4,0.9000000000000057
309,65.85,66.85,1.0
310,66.15,66.95,0.7999999999999972
311,66.0,66.15,0.15000000000000568
312,65.4,65.6,0.19999999999998863
