,buy,sell,net
0,114.1,114.5,0.4000000000000057
1,114.7,115.25,0.5499999999999972
2,113.0,112.85,-0.15000000000000568
3,110.45,111.1,0.6499999999999915
4,111.1,111.55,0.45000000000000284
5,109.55,109.9,0.3500000000000085
6,108.1,108.55,0.45000000000000284
7,105.5,106.5,1.0
8,106.6,107.3,0.7000000000000028
9,107.65,109.05,1.3999999999999915
10,107.8,108.0,0.20000000000000284
11,108.25,109.1,0.8499999999999943
12,106.65,107.4,0.75
13,109.55,110.2,0.6500000000000057
14,110.45,110.3,-0.15000000000000568
15,109.95,110.05,0.09999999999999432
16,107.75,108.5,0.75
17,107.55,108.0,0.45000000000000284
18,108.1,108.25,0.15000000000000568
19,108.35,109.25,0.9000000000000057
20,108.4,108.75,0.3499999999999943
21,104.35,104.9,0.5500000000000114
22,103.65,104.05,0.3999999999999915
23,102.35,102.75,0.4000000000000057
24,103.1,103.45,0.3500000000000085
25,104.45,105.15,0.7000000000000028
26,104.65,104.95,0.29999999999999716
27,104.6,104.4,-0.19999999999998863
28,105.0,105.6,0.5999999999999943
29,98.75,99.1,0.3499999999999943
30,100.0,100.65,0.6500000000000057
31,100.85,100.7,-0.14999999999999147
32,99.85,100.2,0.3500000000000085
33,101.8,102.6,0.7999999999999972
34,102.4,102.65,0.25
35,102.6,103.4,0.8000000000000114
36,101.0,101.35,0.3499999999999943
37,104.15,104.5,0.3499999999999943
38,106.0,106.35,0.3499999999999943
39,104.85,105.35,0.5
40,105.8,105.95,0.15000000000000568
41,106.0,105.85,-0.15000000000000568
42,107.5,107.75,0.25
43,106.75,107.35,0.5999999999999943
44,105.1,105.65,0.5500000000000114
45,105.75,105.85,0.09999999999999432
46,106.0,106.3,0.29999999999999716
47,107.05,107.5,0.45000000000000284
48,105.15,105.6,0.44999999999998863
49,105.75,105.9,0.15000000000000568
50,105.65,106.0,0.3499999999999943
51,106.5,106.8,0.29999999999999716
52,103.9,104.15,0.25
53,100.6,100.75,0.15000000000000568
54,100.65,100.85,0.19999999999998863
55,101.15,101.65,0.5
56,102.85,103.3,0.45000000000000284
57,102.85,102.65,-0.19999999999998863
58,103.5,103.75,0.25
59,103.9,103.55,-0.3500000000000085
60,102.7,103.0,0.29999999999999716
61,101.8,102.05,0.25
62,103.25,103.85,0.5999999999999943
63,104.0,104.2,0.20000000000000284
64,104.85,105.65,0.8000000000000114
65,105.55,105.8,0.25
66,105.5,105.8,0.29999999999999716
67,104.3,104.35,0.04999999999999716
68,104.0,104.5,0.5
69,102.4,102.5,0.09999999999999432
70,102.35,102.6,0.25
71,100.5,101.4,0.9000000000000057
72,101.45,101.35,-0.10000000000000853
73,100.65,100.9,0.25
74,102.65,103.4,0.75
75,103.85,104.15,0.30000000000001137
76,104.45,103.25,-1.2000000000000028
77,103.85,104.75,0.9000000000000057
78,104.5,104.5,0.0
79,104.45,104.9,0.45000000000000284
80,104.65,104.4,-0.25
81,104.95,105.15,0.20000000000000284
82,105.15,105.0,-0.15000000000000568
83,105.2,105.35,0.14999999999999147
84,101.5,101.95,0.45000000000000284
85,102.45,102.75,0.29999999999999716
86,101.5,101.7,0.20000000000000284
87,101.95,101.75,-0.20000000000000284
88,100.25,101.05,0.7999999999999972
89,101.25,101.45,0.20000000000000284
90,101.65,102.05,0.3999999999999915
91,104.2,104.35,0.14999999999999147
92,103.9,104.15,0.25
93,102.75,103.0,0.25
94,101.2,102.0,0.7999999999999972
95,102.0,102.4,0.4000000000000057
96,104.75,105.25,0.5
97,106.2,106.35,0.14999999999999147
98,104.7,104.75,0.04999999999999716
99,103.25,103.45,0.20000000000000284
100,103.8,104.25,0.45000000000000284
101,105.35,105.75,0.4000000000000057
102,105.95,106.6,0.6499999999999915
103,104.15,104.55,0.3999999999999915
104,104.85,105.35,0.5
105,104.0,104.25,0.25
106,106.35,107.75,1.4000000000000057
107,108.0,108.55,0.5499999999999972
108,108.7,109.7,1.0
109,110.0,111.45,1.4500000000000028
110,110.5,110.6,0.09999999999999432
111,111.15,111.8,0.6499999999999915
112,112.6,112.9,0.30000000000001137
113,113.1,113.55,0.45000000000000284
114,108.75,109.35,0.5999999999999943
115,109.55,109.95,0.4000000000000057
116,109.2,109.9,0.7000000000000028
117,110.05,110.5,0.45000000000000284
118,109.1,109.6,0.5
119,109.95,110.4,0.45000000000000284
120,108.7,109.35,0.6499999999999915
121,105.55,105.7,0.15000000000000568
122,105.6,105.8,0.20000000000000284
123,105.85,106.7,0.8500000000000085
124,106.0,106.1,0.09999999999999432
125,106.8,107.4,0.6000000000000085
126,106.4,107.2,0.7999999999999972
127,101.65,102.4,0.75
128,100.3,101.0,0.7000000000000028
129,96.2,96.45,0.25
