,buy,sell,net
0,58.55,58.9,0.3500000000000014
1,58.8,58.85,0.05000000000000426
2,51.95,52.6,0.6499999999999986
3,54.85,55.3,0.44999999999999574
4,50.6,50.35,-0.25
5,49.45,49.75,0.29999999999999716
6,51.15,51.2,0.05000000000000426
7,49.95,50.0,0.04999999999999716
8,49.65,49.7,0.05000000000000426
9,51.45,51.05,-0.4000000000000057
10,52.4,52.7,0.30000000000000426
11,52.5,53.2,0.7000000000000028
12,52.75,52.7,-0.04999999999999716
13,54.1,54.15,0.04999999999999716
14,54.6,53.75,-0.8500000000000014
15,55.4,55.6,0.20000000000000284
16,54.95,54.9,-0.05000000000000426
17,55.45,55.7,0.25
18,54.25,53.95,-0.29999999999999716
19,52.2,52.1,-0.10000000000000142
20,52.55,52.1,-0.44999999999999574
21,52.15,52.2,0.05000000000000426
22,52.2,52.25,0.04999999999999716
23,52.5,52.15,-0.3500000000000014
24,53.4,53.35,-0.04999999999999716
25,53.75,53.65,-0.10000000000000142
26,55.0,55.2,0.20000000000000284
27,54.2,53.45,-0.75
28,52.05,52.55,0.5
29,51.65,51.4,-0.25
30,51.65,51.6,-0.04999999999999716
31,51.9,52.3,0.3999999999999986
32,52.6,52.35,-0.25
33,53.55,54.0,0.45000000000000284
34,53.15,53.05,-0.10000000000000142
35,53.4,53.25,-0.14999999999999858
36,54.3,54.0,-0.29999999999999716
37,55.2,55.3,0.09999999999999432
38,55.9,55.8,-0.10000000000000142
39,56.3,56.4,0.10000000000000142
40,57.6,57.9,0.29999999999999716
41,57.55,57.3,-0.25
42,57.35,56.8,-0.5500000000000043
43,57.4,57.5,0.10000000000000142
44,57.9,58.2,0.30000000000000426
45,57.75,57.95,0.20000000000000284
46,58.5,58.55,0.04999999999999716
47,58.9,58.8,-0.10000000000000142
48,60.85,60.7,-0.14999999999999858
49,59.7,59.65,-0.05000000000000426
50,61.6,61.7,0.10000000000000142
51,62.05,62.3,0.25
52,63.05,62.6,-0.44999999999999574
53,63.05,62.85,-0.19999999999999574
54,63.75,62.65,-1.1000000000000014
55,63.15,63.25,0.10000000000000142
56,63.2,63.5,0.29999999999999716
57,63.75,64.25,0.5
58,65.9,65.5,-0.4000000000000057
59,66.2,66.6,0.3999999999999915
60,66.65,66.6,-0.05000000000001137
61,64.2,64.15,-0.04999999999999716
62,62.6,63.0,0.3999999999999986
63,64.0,63.95,-0.04999999999999716
64,64.05,64.0,-0.04999999999999716
65,67.0,66.75,-0.25
66,66.35,66.6,0.25
67,63.75,63.65,-0.10000000000000142
68,64.35,64.4,0.05000000000001137
69,64.0,63.95,-0.04999999999999716
70,62.8,62.9,0.10000000000000142
71,62.4,62.25,-0.14999999999999858
72,59.65,59.95,0.30000000000000426
73,59.9,60.15,0.25
74,60.65,60.45,-0.19999999999999574
75,59.2,59.1,-0.10000000000000142
76,60.05,60.1,0.05000000000000426
77,60.9,60.25,-0.6499999999999986
78,61.7,61.6,-0.10000000000000142
79,63.45,63.25,-0.20000000000000284
80,65.8,65.7,-0.09999999999999432
81,66.5,66.35,-0.15000000000000568
82,68.5,68.4,-0.09999999999999432
83,68.05,67.95,-0.09999999999999432
84,69.8,69.5,-0.29999999999999716
85,71.25,71.3,0.04999999999999716
86,70.05,70.1,0.04999999999999716
87,69.7,70.0,0.29999999999999716
88,69.7,69.85,0.14999999999999147
89,68.85,69.05,0.20000000000000284
90,70.35,70.7,0.3500000000000085
91,71.15,70.7,-0.45000000000000284
92,71.6,71.85,0.25
93,72.35,72.05,-0.29999999999999716
94,70.7,70.55,-0.15000000000000568
95,69.8,69.55,-0.25
96,68.5,68.6,0.09999999999999432
97,67.9,67.7,-0.20000000000000284
98,66.65,67.0,0.3499999999999943
99,68.35,68.6,0.25
100,69.0,68.9,-0.09999999999999432
101,71.3,71.15,-0.14999999999999147
102,72.0,71.95,-0.04999999999999716
103,72.3,72.35,0.04999999999999716
104,72.95,73.0,0.04999999999999716
105,74.55,74.6,0.04999999999999716
106,75.8,75.6,-0.20000000000000284
107,73.7,73.85,0.14999999999999147
108,74.25,74.05,-0.20000000000000284
109,69.3,69.6,0.29999999999999716
110,70.5,70.3,-0.20000000000000284
111,70.65,70.6,-0.05000000000001137
112,68.1,68.25,0.15000000000000568
113,68.95,69.0,0.04999999999999716
114,68.2,68.8,0.5999999999999943
115,69.3,69.4,0.10000000000000853
116,70.95,70.9,-0.04999999999999716
117,71.2,71.3,0.09999999999999432
118,72.1,72.4,0.30000000000001137
119,73.2,73.35,0.14999999999999147
120,74.1,73.85,-0.25
121,75.4,75.15,-0.25
122,75.65,75.4,-0.25
123,76.45,76.7,0.25
124,77.45,77.5,0.04999999999999716
125,77.8,77.9,0.10000000000000853
126,78.75,78.8,0.04999999999999716
127,79.75,79.6,-0.15000000000000568
128,79.85,79.7,-0.14999999999999147
129,80.15,80.1,-0.05000000000001137
130,81.4,81.0,-0.4000000000000057
131,82.95,82.85,-0.10000000000000853
132,83.3,83.7,0.4000000000000057
133,85.3,85.0,-0.29999999999999716
134,82.9,82.55,-0.3500000000000085
135,84.75,84.55,-0.20000000000000284
136,84.15,83.7,-0.45000000000000284
137,83.25,83.35,0.09999999999999432
138,82.0,81.45,-0.5499999999999972
139,80.8,80.9,0.10000000000000853
140,80.1,80.45,0.3500000000000085
141,78.6,78.4,-0.19999999999998863
142,79.2,79.6,0.3999999999999915
143,78.3,78.4,0.10000000000000853
144,78.7,78.85,0.14999999999999147
145,80.5,80.1,-0.4000000000000057
146,80.8,80.95,0.15000000000000568
147,81.55,81.45,-0.09999999999999432
148,80.55,80.65,0.10000000000000853
149,81.5,81.45,-0.04999999999999716
150,79.9,79.8,-0.10000000000000853
151,81.4,81.45,0.04999999999999716
152,78.3,78.4,0.10000000000000853
153,78.35,78.45,0.10000000000000853
154,80.85,80.8,-0.04999999999999716
155,83.9,84.5,0.5999999999999943
156,84.25,84.45,0.20000000000000284
157,83.35,83.65,0.30000000000001137
158,78.5,78.2,-0.29999999999999716
159,78.5,78.3,-0.20000000000000284
160,78.85,79.3,0.45000000000000284
161,80.55,80.1,-0.45000000000000284
162,80.15,79.5,-0.6500000000000057
163,80.8,80.85,0.04999999999999716
164,80.95,81.0,0.04999999999999716
165,81.1,80.9,-0.19999999999998863
166,80.25,79.25,-1.0
167,76.15,76.35,0.19999999999998863
168,76.25,76.2,-0.04999999999999716
169,78.7,78.95,0.25
170,79.9,80.15,0.25
171,80.8,80.6,-0.20000000000000284
172,76.25,76.35,0.09999999999999432
173,74.85,74.8,-0.04999999999999716
174,75.05,75.75,0.7000000000000028
175,76.75,76.8,0.04999999999999716
176,76.7,76.35,-0.3500000000000085
177,73.35,73.25,-0.09999999999999432
178,73.8,74.1,0.29999999999999716
179,75.3,75.25,-0.04999999999999716
180,75.65,75.8,0.14999999999999147
181,76.55,76.65,0.10000000000000853
182,78.45,78.65,0.20000000000000284
183,79.45,79.75,0.29999999999999716
184,79.75,80.05,0.29999999999999716
185,84.35,85.4,1.0500000000000114
186,87.3,87.7,0.4000000000000057
187,87.5,87.6,0.09999999999999432
188,88.1,88.35,0.25
189,89.9,89.65,-0.25
190,89.9,90.0,0.09999999999999432
191,92.35,92.5,0.15000000000000568
192,91.95,91.75,-0.20000000000000284
193,91.2,90.8,-0.4000000000000057
194,91.5,91.15,-0.3499999999999943
195,89.0,88.9,-0.09999999999999432
196,89.85,89.6,-0.25
197,89.2,89.05,-0.15000000000000568
198,91.35,91.5,0.15000000000000568
199,92.0,92.25,0.25
200,91.6,91.4,-0.19999999999998863
201,92.15,92.2,0.04999999999999716
202,92.25,92.1,-0.15000000000000568
203,92.8,93.0,0.20000000000000284
204,92.45,92.55,0.09999999999999432
205,93.3,93.4,0.10000000000000853
206,94.8,94.65,-0.14999999999999147
207,94.65,94.5,-0.15000000000000568
208,93.5,93.4,-0.09999999999999432
209,92.85,92.9,0.05000000000001137
210,93.85,93.8,-0.04999999999999716
211,94.05,94.2,0.15000000000000568
212,94.45,94.0,-0.45000000000000284
213,96.25,96.8,0.5499999999999972
214,97.7,97.65,-0.04999999999999716
215,97.2,97.0,-0.20000000000000284
216,98.65,98.7,0.04999999999999716
217,98.25,98.1,-0.15000000000000568
218,96.05,95.75,-0.29999999999999716
219,96.35,96.7,0.3500000000000085
220,95.75,95.7,-0.04999999999999716
221,94.05,94.25,0.20000000000000284
222,96.0,95.95,-0.04999999999999716
223,100.6,100.85,0.25
224,99.05,99.1,0.04999999999999716
225,100.5,100.35,-0.15000000000000568
226,101.0,101.15,0.15000000000000568
227,101.7,101.75,0.04999999999999716
228,98.45,98.5,0.04999999999999716
229,97.9,97.8,-0.10000000000000853
