,buy,sell,net
0,88.8,88.85,0.04999999999999716
1,90.3,90.05,-0.25
2,91.7,91.35,-0.3500000000000085
3,95.4,95.25,-0.15000000000000568
4,100.0,100.0,0.0
5,104.5,103.7,-0.7999999999999972
6,102.95,102.25,-0.7000000000000028
7,103.55,103.55,0.0
8,105.75,105.55,-0.20000000000000284
9,107.05,106.7,-0.3499999999999943
10,105.8,106.3,0.5
11,107.5,107.9,0.4000000000000057
12,109.8,109.8,0.0
13,107.25,106.75,-0.5
14,99.4,99.55,0.14999999999999147
15,99.55,99.35,-0.20000000000000284
16,105.65,105.85,0.19999999999998863
17,108.45,108.4,-0.04999999999999716
18,109.7,109.7,0.0
19,111.7,111.1,-0.6000000000000085
