,buy,sell,net
0,237.4,236.5,-0.9000000000000057
1,236.15,237.1,0.9499999999999886
2,236.9,236.1,-0.8000000000000114
3,235.25,235.8,0.5500000000000114
4,235.45,235.45,0.0
5,232.4,232.05,-0.3499999999999943
6,232.3,233.25,0.9499999999999886
7,237.95,237.25,-0.6999999999999886
8,243.7,246.95,3.25
9,248.05,247.15,-0.9000000000000057
10,251.2,250.85,-0.3499999999999943
11,253.1,253.15,0.05000000000001137
12,250.85,249.2,-1.6500000000000057
13,248.5,247.8,-0.6999999999999886
14,249.15,248.45,-0.700000000000017
15,244.5,244.15,-0.3499999999999943
16,243.0,241.2,-1.8000000000000114
17,237.15,236.5,-0.6500000000000057
18,238.15,240.0,1.8499999999999943
19,238.2,238.55,0.35000000000002274
20,228.3,230.85,2.549999999999983
21,232.8,232.2,-0.6000000000000227
22,231.75,231.55,-0.19999999999998863
23,230.7,230.55,-0.14999999999997726
24,233.0,231.05,-1.9499999999999886
25,232.55,231.9,-0.6500000000000057
26,231.6,230.5,-1.0999999999999943
27,231.1,230.0,-1.0999999999999943
28,236.9,237.55,0.6500000000000057
29,238.85,238.55,-0.29999999999998295
30,238.15,238.75,0.5999999999999943
31,237.7,237.55,-0.14999999999997726
32,237.3,238.0,0.6999999999999886
33,237.5,236.9,-0.5999999999999943
34,237.7,237.5,-0.19999999999998863
35,236.25,235.95,-0.30000000000001137
36,236.7,238.05,1.3500000000000227
37,238.05,238.1,0.04999999999998295
38,236.7,236.6,-0.09999999999999432
39,235.6,236.25,0.6500000000000057
40,236.0,236.15,0.15000000000000568
41,235.4,234.0,-1.4000000000000057
42,232.35,231.75,-0.5999999999999943
43,231.6,231.0,-0.5999999999999943
44,233.15,232.15,-1.0
45,232.25,233.35,1.0999999999999943
46,233.85,233.75,-0.09999999999999432
47,234.4,235.15,0.75
48,232.0,233.35,1.3499999999999943
49,232.6,233.5,0.9000000000000057
50,235.2,235.95,0.75
51,236.2,238.5,2.3000000000000114
52,239.1,239.55,0.45000000000001705
53,238.4,237.75,-0.6500000000000057
54,233.2,233.05,-0.14999999999997726
55,233.9,233.9,0.0
56,232.4,232.5,0.09999999999999432
57,232.3,231.2,-1.1000000000000227
58,232.2,230.65,-1.549999999999983
59,232.1,231.0,-1.0999999999999943
60,230.85,232.5,1.6500000000000057
61,234.1,233.75,-0.3499999999999943
62,234.5,233.3,-1.1999999999999886
63,224.8,225.2,0.39999999999997726
64,221.45,219.2,-2.25
65,222.15,221.5,-0.6500000000000057
66,222.2,222.9,0.700000000000017
67,223.55,223.85,0.29999999999998295
68,224.5,224.8,0.30000000000001137
69,226.5,226.85,0.3499999999999943
70,225.6,224.7,-0.9000000000000057
71,225.55,224.85,-0.700000000000017
72,225.25,225.85,0.5999999999999943
73,229.85,230.5,0.6500000000000057
74,232.15,231.75,-0.4000000000000057
75,230.65,231.05,0.4000000000000057
76,230.5,229.65,-0.8499999999999943
77,229.0,229.15,0.15000000000000568
78,227.15,227.35,0.19999999999998863
79,230.0,229.9,-0.09999999999999432
80,228.25,228.15,-0.09999999999999432
81,225.6,225.45,-0.15000000000000568
82,225.25,225.7,0.44999999999998863
83,221.95,221.45,-0.5
84,222.3,223.25,0.9499999999999886
85,222.1,221.0,-1.0999999999999943
86,222.1,221.35,-0.75
87,217.6,218.1,0.5
88,216.6,216.15,-0.44999999999998863
89,214.55,215.8,1.25
90,216.9,216.9,0.0
91,216.3,216.75,0.44999999999998863
92,217.4,218.0,0.5999999999999943
93,219.6,219.05,-0.549999999999983
94,216.95,217.7,0.75
95,216.25,217.05,0.8000000000000114
96,217.85,217.2,-0.6500000000000057
97,212.8,213.45,0.6499999999999773
98,212.7,213.3,0.6000000000000227
99,213.85,214.05,0.20000000000001705
100,214.55,212.85,-1.700000000000017
101,213.65,213.9,0.25
102,214.75,215.8,1.0500000000000114
103,215.05,214.55,-0.5
104,216.85,217.5,0.6500000000000057
105,217.5,216.05,-1.4499999999999886
106,214.6,214.65,0.05000000000001137
107,216.5,216.1,-0.4000000000000057
108,214.45,214.45,0.0
109,216.65,217.5,0.8499999999999943
110,217.0,215.65,-1.3499999999999943
111,214.7,214.4,-0.29999999999998295
112,214.8,215.15,0.3499999999999943
113,215.95,216.9,0.950000000000017
114,217.0,216.05,-0.9499999999999886
115,212.85,212.4,-0.44999999999998863
116,211.45,213.4,1.950000000000017
117,218.1,216.65,-1.4499999999999886
118,217.0,216.45,-0.5500000000000114
119,216.4,216.8,0.4000000000000057
120,216.8,216.55,-0.25
121,216.05,217.0,0.9499999999999886
122,219.6,219.1,-0.5
123,224.65,226.2,1.549999999999983
124,226.85,227.9,1.0500000000000114
125,228.25,227.6,-0.6500000000000057
126,225.7,225.65,-0.04999999999998295
127,226.2,227.3,1.1000000000000227
128,230.25,230.6,0.3499999999999943
129,229.55,229.0,-0.5500000000000114
130,225.65,226.35,0.6999999999999886
131,217.3,218.85,1.549999999999983
132,221.05,221.55,0.5
133,219.9,219.1,-0.8000000000000114
134,219.55,218.35,-1.200000000000017
135,216.65,216.2,-0.45000000000001705
136,217.0,216.2,-0.8000000000000114
137,216.95,217.4,0.45000000000001705
138,217.95,216.85,-1.0999999999999943
139,216.6,217.45,0.8499999999999943
140,217.55,217.5,-0.05000000000001137
141,207.75,208.85,1.0999999999999943
142,209.4,210.25,0.8499999999999943
143,208.55,209.3,0.75
144,207.15,207.0,-0.15000000000000568
145,208.15,207.55,-0.5999999999999943
146,203.5,202.45,-1.0500000000000114
147,203.05,203.55,0.5
148,202.25,202.05,-0.19999999999998863
149,202.0,200.25,-1.75
150,200.9,201.95,1.049999999999983
151,202.0,200.75,-1.25
152,202.0,199.75,-2.25
153,200.3,200.6,0.29999999999998295
154,199.7,198.95,-0.75
155,200.3,199.3,-1.0
156,193.9,193.45,-0.45000000000001705
157,195.3,194.85,-0.45000000000001705
158,194.05,194.45,0.39999999999997726
159,194.2,194.8,0.6000000000000227
160,194.1,194.6,0.5
161,195.15,194.95,-0.20000000000001705
162,195.4,195.0,-0.4000000000000057
163,192.5,192.95,0.44999999999998863
164,192.1,193.3,1.200000000000017
165,193.9,194.15,0.25
166,192.15,191.1,-1.0500000000000114
167,191.7,191.15,-0.549999999999983
168,192.3,192.55,0.25
169,191.65,191.05,-0.5999999999999943
170,190.5,189.0,-1.5
171,189.5,189.45,-0.05000000000001137
172,188.9,190.05,1.1500000000000057
173,193.2,193.3,0.10000000000002274
174,195.1,194.8,-0.29999999999998295
175,196.95,198.45,1.5
176,198.35,197.7,-0.6500000000000057
177,197.3,197.15,-0.15000000000000568
178,196.35,197.3,0.950000000000017
179,197.05,195.75,-1.3000000000000114
180,196.25,196.3,0.05000000000001137
181,198.55,199.15,0.5999999999999943
182,199.2,199.25,0.05000000000001137
183,200.0,199.65,-0.3499999999999943
184,199.0,199.4,0.4000000000000057
185,200.15,199.6,-0.5500000000000114
186,202.5,202.2,-0.30000000000001137
187,202.75,202.1,-0.6500000000000057
188,202.5,201.85,-0.6500000000000057
189,202.3,201.6,-0.700000000000017
190,200.4,200.0,-0.4000000000000057
191,201.4,200.2,-1.200000000000017
192,199.35,199.0,-0.3499999999999943
193,201.5,201.7,0.19999999999998863
194,202.35,203.1,0.75
195,203.55,202.25,-1.3000000000000114
196,205.95,205.35,-0.5999999999999943
197,204.95,204.3,-0.6499999999999773
198,208.35,206.75,-1.5999999999999943
199,205.65,205.0,-0.6500000000000057
200,205.3,204.95,-0.35000000000002274
201,204.7,203.55,-1.1499999999999773
202,204.2,204.95,0.75
203,204.25,202.95,-1.3000000000000114
204,203.3,203.05,-0.25
205,202.25,201.6,-0.6500000000000057
206,202.4,202.0,-0.4000000000000057
207,200.7,200.2,-0.5
208,200.35,200.4,0.05000000000001137
209,200.35,199.4,-0.9499999999999886
210,197.2,197.75,0.5500000000000114
211,195.9,196.8,0.9000000000000057
212,196.5,196.75,0.25
213,197.05,197.2,0.14999999999997726
214,199.0,198.05,-0.9499999999999886
215,196.7,196.75,0.05000000000001137
216,194.65,194.7,0.04999999999998295
217,194.05,194.7,0.6499999999999773
218,195.2,195.7,0.5
219,193.9,193.4,-0.5
220,193.85,194.55,0.700000000000017
221,195.5,195.05,-0.44999999999998863
222,196.1,196.95,0.8499999999999943
223,197.45,198.05,0.6000000000000227
224,200.2,199.45,-0.75
225,200.35,199.85,-0.5
226,201.9,201.3,-0.5999999999999943
227,200.7,200.25,-0.44999999999998863
228,201.65,202.1,0.44999999999998863
229,202.35,202.5,0.15000000000000568
230,200.6,200.0,-0.5999999999999943
231,199.6,198.8,-0.799999999999983
232,196.1,196.05,-0.04999999999998295
233,197.0,196.45,-0.5500000000000114
234,195.4,195.05,-0.3499999999999943
235,195.5,194.15,-1.3499999999999943
236,194.6,194.45,-0.15000000000000568
237,195.25,195.65,0.4000000000000057
238,195.4,195.25,-0.15000000000000568
239,194.9,195.1,0.19999999999998863
240,197.0,196.0,-1.0
241,196.85,195.8,-1.049999999999983
242,200.1,199.55,-0.549999999999983
243,200.3,200.05,-0.25
244,201.95,201.6,-0.3499999999999943
245,201.7,202.3,0.6000000000000227
246,202.0,201.05,-0.9499999999999886
247,202.95,203.5,0.5500000000000114
248,203.25,202.85,-0.4000000000000057
249,203.35,202.85,-0.5
250,201.95,201.45,-0.5
251,201.65,201.15,-0.5
252,202.05,201.75,-0.30000000000001137
253,201.95,201.3,-0.6499999999999773
254,202.3,201.95,-0.35000000000002274
255,201.95,201.3,-0.6499999999999773
256,201.55,201.55,0.0
257,201.6,201.15,-0.44999999999998863
258,201.7,200.9,-0.799999999999983
259,200.0,199.1,-0.9000000000000057
260,196.5,196.0,-0.5
261,192.3,192.0,-0.30000000000001137
262,190.7,190.75,0.05000000000001137
263,190.7,191.3,0.6000000000000227
264,189.55,190.05,0.5
265,191.4,191.3,-0.09999999999999432
266,191.15,194.65,3.5
267,194.7,194.1,-0.5999999999999943
268,195.95,196.95,1.0
269,196.95,196.45,-0.5
270,197.05,198.4,1.3499999999999943
271,199.95,199.35,-0.5999999999999943
272,196.75,197.45,0.6999999999999886
273,197.0,198.3,1.3000000000000114
274,199.85,199.85,0.0
275,202.45,201.85,-0.5999999999999943
276,200.5,199.6,-0.9000000000000057
277,199.7,199.1,-0.5999999999999943
278,201.35,201.05,-0.29999999999998295
279,201.95,200.6,-1.3499999999999943
280,201.7,201.15,-0.549999999999983
281,197.05,197.0,-0.05000000000001137
282,197.55,199.35,1.799999999999983
283,201.35,201.7,0.3499999999999943
284,202.0,201.65,-0.3499999999999943
285,202.05,201.45,-0.6000000000000227
286,201.75,201.15,-0.5999999999999943
287,202.7,203.0,0.30000000000001137
288,201.95,201.55,-0.39999999999997726
289,201.15,200.9,-0.25
290,200.25,199.65,-0.5999999999999943
291,199.15,198.95,-0.20000000000001705
292,200.2,200.7,0.5
293,201.75,201.45,-0.30000000000001137
294,200.35,199.85,-0.5
295,199.8,199.05,-0.75
296,199.4,198.55,-0.8499999999999943
297,197.1,196.55,-0.549999999999983
298,194.4,194.6,0.19999999999998863
299,194.8,194.85,0.04999999999998295
300,194.85,194.35,-0.5
301,195.85,196.6,0.75
302,198.6,199.8,1.200000000000017
303,200.35,200.2,-0.15000000000000568
304,201.4,202.4,1.0
305,202.35,201.45,-0.9000000000000057
306,202.35,202.1,-0.25
307,201.65,201.05,-0.5999999999999943
308,201.5,201.55,0.05000000000001137
309,204.0,204.65,0.6500000000000057
310,206.8,207.9,1.0999999999999943
311,209.9,211.1,1.1999999999999886
312,214.85,213.25,-1.5999999999999943
313,213.0,211.95,-1.0500000000000114
314,212.25,211.7,-0.5500000000000114
315,212.4,212.0,-0.4000000000000057
316,208.6,210.2,1.5999999999999943
317,209.5,208.5,-1.0
318,207.05,206.9,-0.15000000000000568
319,205.6,205.65,0.05000000000001137
320,207.75,207.25,-0.5
321,208.35,208.2,-0.15000000000000568
322,205.8,205.2,-0.6000000000000227
323,203.9,203.4,-0.5
324,203.5,204.35,0.8499999999999943
325,208.45,208.6,0.15000000000000568
326,208.05,207.3,-0.75
327,207.75,208.35,0.5999999999999943
328,209.0,208.9,-0.09999999999999432
329,209.25,209.05,-0.19999999999998863
330,209.8,209.45,-0.35000000000002274
331,207.95,208.7,0.75
332,212.1,210.4,-1.6999999999999886
333,211.55,211.2,-0.35000000000002274
334,211.85,212.6,0.75
335,211.9,211.3,-0.5999999999999943
336,209.55,209.4,-0.15000000000000568
337,209.6,208.95,-0.6500000000000057
338,209.2,210.0,0.8000000000000114
339,211.55,212.1,0.549999999999983
340,211.6,211.0,-0.5999999999999943
341,211.85,211.15,-0.6999999999999886
342,213.0,212.55,-0.44999999999998863
343,212.8,212.9,0.09999999999999432
344,212.65,212.1,-0.5500000000000114
345,217.0,216.05,-0.9499999999999886
346,216.5,216.25,-0.25
347,216.8,217.35,0.549999999999983
348,219.1,218.65,-0.44999999999998863
349,219.2,218.45,-0.75
350,217.0,216.5,-0.5
351,216.75,216.7,-0.05000000000001137
352,215.35,214.8,-0.549999999999983
353,215.05,214.8,-0.25
354,216.0,217.5,1.5
355,217.4,217.9,0.5
356,215.95,218.2,2.25
357,213.55,213.2,-0.35000000000002274
358,211.9,212.6,0.6999999999999886
359,211.8,211.2,-0.6000000000000227
360,212.05,212.4,0.3499999999999943
361,213.95,215.0,1.0500000000000114
362,216.7,216.35,-0.3499999999999943
363,217.6,216.15,-1.4499999999999886
364,216.55,217.2,0.6499999999999773
365,214.7,214.15,-0.549999999999983
366,216.65,216.85,0.19999999999998863
367,216.6,216.2,-0.4000000000000057
368,214.55,214.4,-0.15000000000000568
369,214.85,215.65,0.8000000000000114
370,216.65,217.1,0.44999999999998863
371,219.0,221.15,2.1500000000000057
372,222.0,221.65,-0.3499999999999943
373,222.0,222.9,0.9000000000000057
374,220.2,220.75,0.5500000000000114
375,219.05,218.05,-1.0
376,219.4,219.45,0.04999999999998295
377,219.9,218.9,-1.0
378,219.5,220.55,1.0500000000000114
379,221.6,221.65,0.05000000000001137
380,221.7,221.2,-0.5
381,223.75,225.45,1.6999999999999886
382,225.55,224.8,-0.75
383,225.0,226.95,1.9499999999999886
384,226.7,225.5,-1.1999999999999886
385,225.2,224.65,-0.549999999999983
386,225.5,226.8,1.3000000000000114
387,226.7,226.25,-0.44999999999998863
388,225.5,227.0,1.5
389,230.6,229.85,-0.75
390,228.35,229.15,0.8000000000000114
391,227.1,226.6,-0.5
392,227.1,226.45,-0.6500000000000057
393,227.25,226.75,-0.5
394,227.25,229.5,2.25
395,230.0,228.0,-2.0
396,228.3,228.35,0.04999999999998295
397,226.7,226.1,-0.5999999999999943
398,230.25,229.8,-0.44999999999998863
399,230.9,230.05,-0.8499999999999943
400,227.15,226.8,-0.3499999999999943
401,227.3,227.25,-0.05000000000001137
402,226.8,226.75,-0.05000000000001137
403,229.0,228.8,-0.19999999999998863
404,228.9,228.55,-0.3499999999999943
405,232.3,231.0,-1.3000000000000114
406,231.85,232.95,1.0999999999999943
407,232.15,231.05,-1.0999999999999943
408,230.4,229.8,-0.5999999999999943
409,230.2,230.35,0.15000000000000568
410,230.6,230.1,-0.5
411,232.15,231.5,-0.6500000000000057
412,230.4,230.35,-0.05000000000001137
413,233.25,233.25,0.0
414,233.1,232.2,-0.9000000000000057
415,232.4,231.9,-0.5
416,233.35,233.45,0.09999999999999432
417,234.6,233.75,-0.8499999999999943
418,233.45,233.55,0.10000000000002274
419,235.0,235.4,0.4000000000000057
420,235.9,235.75,-0.15000000000000568
421,232.25,232.4,0.15000000000000568
422,232.6,232.0,-0.5999999999999943
423,233.2,234.15,0.950000000000017
424,234.25,234.0,-0.25
425,234.3,234.35,0.04999999999998295
426,236.6,236.7,0.09999999999999432
427,237.6,237.2,-0.4000000000000057
428,237.9,238.55,0.6500000000000057
429,235.75,235.3,-0.44999999999998863
430,235.3,234.75,-0.5500000000000114
431,234.1,232.7,-1.4000000000000057
432,233.3,232.7,-0.6000000000000227
433,230.0,230.35,0.3499999999999943
434,231.2,230.2,-1.0
435,230.6,230.25,-0.3499999999999943
436,231.9,231.1,-0.8000000000000114
437,230.65,231.0,0.3499999999999943
438,234.55,234.5,-0.05000000000001137
439,235.15,234.85,-0.30000000000001137
440,234.45,236.2,1.75
441,236.7,236.3,-0.39999999999997726
442,236.8,236.1,-0.700000000000017
443,232.2,231.15,-1.049999999999983
444,231.4,231.4,0.0
445,228.95,228.6,-0.3499999999999943
446,230.3,230.55,0.25
447,230.55,229.95,-0.6000000000000227
448,230.7,232.25,1.5500000000000114
449,233.45,232.8,-0.6499999999999773
450,233.3,232.2,-1.1000000000000227
451,231.0,231.0,0.0
452,233.2,232.8,-0.39999999999997726
453,234.35,233.9,-0.44999999999998863
454,233.45,233.9,0.45000000000001705
455,234.55,235.2,0.6499999999999773
456,234.5,234.25,-0.25
457,236.8,236.6,-0.20000000000001705
458,238.0,241.0,3.0
459,240.85,241.4,0.5500000000000114
460,240.3,241.75,1.4499999999999886
461,233.45,233.9,0.45000000000001705
462,233.25,233.0,-0.25
463,231.0,231.65,0.6500000000000057
464,232.9,232.7,-0.20000000000001705
465,233.7,234.0,0.30000000000001137
466,234.5,233.6,-0.9000000000000057
467,234.35,233.7,-0.6500000000000057
468,231.7,231.7,0.0
469,230.95,230.85,-0.09999999999999432
470,232.5,233.55,1.0500000000000114
471,233.0,232.65,-0.3499999999999943
472,231.8,232.1,0.29999999999998295
473,234.15,234.5,0.3499999999999943
474,235.7,235.05,-0.6499999999999773
475,233.2,232.55,-0.6499999999999773
476,232.0,231.0,-1.0
477,232.3,231.3,-1.0
478,230.55,229.9,-0.6500000000000057
479,230.55,229.95,-0.6000000000000227
480,230.15,230.8,0.6500000000000057
481,235.35,234.8,-0.549999999999983
482,236.3,238.0,1.6999999999999886
483,239.4,240.45,1.049999999999983
484,237.8,237.5,-0.30000000000001137
485,237.45,236.85,-0.5999999999999943
486,235.45,234.85,-0.5999999999999943
487,232.35,231.05,-1.299999999999983
488,230.6,229.25,-1.3499999999999943
489,227.55,227.55,0.0
490,228.0,228.5,0.5
491,228.4,229.6,1.1999999999999886
492,229.1,229.45,0.3499999999999943
493,230.15,231.1,0.9499999999999886
494,231.65,232.25,0.5999999999999943
495,232.0,231.7,-0.30000000000001137
496,230.4,231.3,0.9000000000000057
497,231.9,231.6,-0.30000000000001137
498,232.05,232.65,0.5999999999999943
499,233.0,232.85,-0.15000000000000568
500,233.9,234.95,1.049999999999983
501,228.9,228.05,-0.8499999999999943
502,228.85,228.15,-0.6999999999999886
503,223.65,224.5,0.8499999999999943
504,227.05,227.7,0.6499999999999773
505,228.0,228.05,0.05000000000001137
506,227.2,228.1,0.9000000000000057
507,228.0,227.9,-0.09999999999999432
508,228.55,229.05,0.5
509,229.3,229.5,0.19999999999998863
510,230.5,230.35,-0.15000000000000568
511,231.05,230.9,-0.15000000000000568
512,232.75,232.75,0.0
513,232.75,232.35,-0.4000000000000057
514,230.4,230.0,-0.4000000000000057
515,232.3,233.8,1.5
516,235.55,236.3,0.75
517,235.4,235.15,-0.25
518,236.55,236.35,-0.20000000000001705
519,234.85,235.3,0.45000000000001705
520,236.45,236.35,-0.09999999999999432
521,235.6,234.3,-1.299999999999983
522,235.5,235.15,-0.3499999999999943
523,234.25,233.45,-0.8000000000000114
524,233.0,232.3,-0.6999999999999886
525,232.05,231.8,-0.25
526,233.35,233.45,0.09999999999999432
527,234.85,236.1,1.25
528,235.65,236.5,0.8499999999999943
529,237.35,237.9,0.5500000000000114
530,235.8,235.2,-0.6000000000000227
531,235.45,234.3,-1.1499999999999773
532,234.3,233.6,-0.700000000000017
533,234.15,233.6,-0.5500000000000114
534,234.95,234.1,-0.8499999999999943
535,234.7,234.15,-0.549999999999983
536,233.0,232.35,-0.6500000000000057
537,233.3,232.8,-0.5
538,233.3,233.3,0.0
539,234.35,234.3,-0.04999999999998295
540,231.3,230.95,-0.35000000000002274
541,234.0,235.9,1.9000000000000057
542,236.7,237.6,0.9000000000000057
543,236.9,236.45,-0.45000000000001705
544,236.8,236.3,-0.5
545,236.35,237.85,1.5
546,236.15,235.2,-0.950000000000017
547,230.45,230.05,-0.39999999999997726
548,227.3,226.7,-0.6000000000000227
549,230.6,230.5,-0.09999999999999432
550,230.9,230.4,-0.5
551,230.6,230.1,-0.5
552,224.8,224.25,-0.5500000000000114
553,227.4,227.4,0.0
554,226.55,227.0,0.44999999999998863
555,227.3,226.95,-0.35000000000002274
556,227.75,229.0,1.25
557,227.1,225.9,-1.1999999999999886
558,226.65,227.5,0.8499999999999943
559,228.2,227.7,-0.5
560,230.25,231.8,1.5500000000000114
561,235.85,236.65,0.8000000000000114
562,237.05,237.45,0.39999999999997726
563,239.35,240.95,1.5999999999999943
564,240.25,242.55,2.3000000000000114
565,243.0,244.25,1.25
566,244.95,246.0,1.0500000000000114
567,246.35,245.4,-0.9499999999999886
568,247.25,249.45,2.1999999999999886
569,251.9,251.85,-0.05000000000001137
570,253.5,254.75,1.25
571,254.65,256.5,1.8499999999999943
572,258.65,259.8,1.150000000000034
573,262.4,265.2,2.8000000000000114
574,262.1,261.35,-0.75
575,260.05,259.45,-0.6000000000000227
576,259.85,260.75,0.8999999999999773
577,259.25,261.2,1.9499999999999886
578,261.9,261.6,-0.2999999999999545
579,262.0,262.6,0.6000000000000227
580,263.25,259.2,-4.050000000000011
581,258.1,257.4,-0.7000000000000455
582,259.15,260.0,0.8500000000000227
583,259.7,259.05,-0.6499999999999773
584,258.65,259.0,0.35000000000002274
585,258.0,256.45,-1.5500000000000114
586,258.0,256.75,-1.25
587,257.3,257.5,0.19999999999998863
588,255.25,255.6,0.3499999999999943
589,253.25,252.6,-0.6500000000000057
590,254.7,256.45,1.75
591,256.95,256.85,-0.0999999999999659
592,255.4,257.05,1.6500000000000057
593,258.0,258.6,0.6000000000000227
594,258.3,258.35,0.05000000000001137
595,255.85,255.45,-0.4000000000000057
596,255.65,255.0,-0.6500000000000057
597,254.55,257.85,3.3000000000000114
598,254.4,256.3,1.9000000000000057
599,257.6,257.85,0.25
600,251.45,249.65,-1.799999999999983
601,242.7,242.1,-0.5999999999999943
602,242.6,242.8,0.20000000000001705
603,244.3,245.25,0.9499999999999886
604,247.45,244.65,-2.799999999999983
605,243.2,242.65,-0.549999999999983
606,239.8,240.8,1.0
607,238.25,237.55,-0.6999999999999886
608,243.1,244.05,0.950000000000017
609,242.75,242.1,-0.6500000000000057
610,243.65,245.4,1.75
611,246.05,246.3,0.25
612,245.7,242.3,-3.3999999999999773
613,242.95,243.25,0.30000000000001137
614,242.8,243.55,0.75
615,245.9,245.75,-0.15000000000000568
616,237.4,236.25,-1.1500000000000057
617,231.45,230.9,-0.549999999999983
618,230.65,231.1,0.44999999999998863
619,228.5,230.55,2.0500000000000114
620,231.15,230.95,-0.20000000000001705
621,231.5,232.05,0.5500000000000114
622,232.05,231.45,-0.6000000000000227
623,227.05,226.45,-0.6000000000000227
624,224.05,226.1,2.049999999999983
625,226.45,229.5,3.0500000000000114
626,230.45,229.85,-0.5999999999999943
627,230.45,230.45,0.0
628,231.4,230.85,-0.5500000000000114
629,233.15,234.5,1.3499999999999943
630,234.4,233.7,-0.700000000000017
631,232.25,231.6,-0.6500000000000057
632,230.5,230.0,-0.5
633,227.1,226.65,-0.44999999999998863
634,224.3,224.85,0.549999999999983
635,219.9,219.3,-0.5999999999999943
636,219.3,220.05,0.75
637,222.05,219.3,-2.75
638,219.9,219.8,-0.09999999999999432
639,222.7,221.95,-0.75
640,220.4,221.75,1.3499999999999943
641,222.95,222.3,-0.6499999999999773
642,222.0,222.05,0.05000000000001137
643,219.9,219.6,-0.30000000000001137
644,218.05,218.15,0.09999999999999432
645,219.6,220.75,1.1500000000000057
646,217.0,216.45,-0.5500000000000114
647,219.5,219.3,-0.19999999999998863
648,218.95,219.7,0.75
649,222.05,221.6,-0.45000000000001705
650,223.25,222.7,-0.5500000000000114
651,225.3,225.9,0.5999999999999943
652,226.9,226.5,-0.4000000000000057
653,222.75,222.25,-0.5
654,222.9,224.45,1.549999999999983
655,223.8,223.15,-0.6500000000000057
656,222.1,222.6,0.5
657,223.5,223.65,0.15000000000000568
658,221.0,222.5,1.5
659,221.6,221.65,0.05000000000001137
660,220.45,221.2,0.75
661,221.05,222.1,1.049999999999983
662,222.6,222.75,0.15000000000000568
663,220.55,220.0,-0.5500000000000114
664,222.0,220.9,-1.0999999999999943
665,213.75,214.25,0.5
666,211.7,213.25,1.5500000000000114
667,210.85,210.3,-0.549999999999983
668,213.45,214.0,0.5500000000000114
669,212.85,212.25,-0.5999999999999943
670,211.75,211.5,-0.25
671,212.35,212.2,-0.15000000000000568
672,212.9,212.95,0.04999999999998295
673,211.95,212.45,0.5
674,208.35,207.55,-0.799999999999983
675,206.65,206.65,0.0
676,207.2,208.1,0.9000000000000057
677,207.05,210.2,3.1499999999999773
678,208.1,207.55,-0.549999999999983
679,208.35,208.6,0.25
680,208.15,207.6,-0.5500000000000114
681,204.85,204.85,0.0
682,203.1,205.05,1.950000000000017
683,203.45,203.05,-0.39999999999997726
684,202.9,203.3,0.4000000000000057
685,203.85,203.5,-0.3499999999999943
686,202.45,203.65,1.200000000000017
687,204.25,204.25,0.0
688,204.25,204.75,0.5
689,207.9,208.3,0.4000000000000057
690,208.15,208.95,0.799999999999983
691,209.5,209.2,-0.30000000000001137
692,209.65,208.85,-0.8000000000000114
693,209.35,208.4,-0.9499999999999886
694,203.65,203.4,-0.25
695,203.55,204.1,0.549999999999983
696,204.9,204.95,0.04999999999998295
697,206.45,207.8,1.3500000000000227
698,208.3,208.0,-0.30000000000001137
699,207.0,206.4,-0.5999999999999943
700,206.65,207.15,0.5
701,207.85,207.4,-0.44999999999998863
702,208.7,208.2,-0.5
703,209.65,209.05,-0.5999999999999943
704,208.95,209.5,0.5500000000000114
705,209.5,210.05,0.5500000000000114
706,210.65,210.5,-0.15000000000000568
707,209.35,208.35,-1.0
708,209.4,208.25,-1.1500000000000057
709,209.35,207.7,-1.6500000000000057
710,205.15,204.8,-0.3499999999999943
711,205.55,205.1,-0.45000000000001705
712,205.1,205.8,0.700000000000017
713,205.2,205.2,0.0
714,207.8,207.45,-0.35000000000002274
715,213.1,212.45,-0.6500000000000057
716,214.45,216.05,1.6000000000000227
717,213.05,212.75,-0.30000000000001137
718,214.1,213.15,-0.9499999999999886
719,212.2,212.05,-0.14999999999997726
720,211.5,212.4,0.9000000000000057
721,212.95,213.1,0.15000000000000568
722,214.15,214.65,0.5
723,214.9,213.8,-1.0999999999999943
724,215.05,215.85,0.799999999999983
725,219.85,219.35,-0.5
726,220.7,221.5,0.8000000000000114
727,218.55,217.6,-0.950000000000017
728,219.55,219.5,-0.05000000000001137
729,222.4,222.05,-0.3499999999999943
730,222.05,221.5,-0.5500000000000114
731,219.9,220.3,0.4000000000000057
732,219.45,218.95,-0.5
733,221.9,221.4,-0.5
734,219.9,219.4,-0.5
735,219.5,217.15,-2.3499999999999943
736,215.6,216.65,1.0500000000000114
737,212.4,212.0,-0.4000000000000057
738,215.6,216.15,0.5500000000000114
739,216.7,217.1,0.4000000000000057
740,218.45,219.3,0.8500000000000227
741,218.4,218.05,-0.3499999999999943
742,213.15,212.95,-0.20000000000001705
743,212.5,212.25,-0.25
744,214.0,215.85,1.8499999999999943
745,216.0,216.65,0.6500000000000057
746,212.9,213.55,0.6500000000000057
747,208.75,209.6,0.8499999999999943
748,207.95,209.7,1.75
749,211.15,211.4,0.25
750,212.2,211.65,-0.549999999999983
751,212.2,213.45,1.25
752,212.1,212.0,-0.09999999999999432
753,211.05,210.65,-0.4000000000000057
754,208.25,208.35,0.09999999999999432
755,206.4,206.45,0.04999999999998295
756,206.4,206.3,-0.09999999999999432
757,205.6,206.15,0.5500000000000114
758,212.25,211.8,-0.44999999999998863
759,212.35,211.75,-0.5999999999999943
760,206.9,206.7,-0.20000000000001705
761,206.35,205.95,-0.4000000000000057
762,207.0,206.6,-0.4000000000000057
763,206.45,205.9,-0.549999999999983
764,207.0,205.9,-1.0999999999999943
765,206.5,206.45,-0.05000000000001137
766,207.05,206.45,-0.6000000000000227
767,205.05,204.5,-0.5500000000000114
768,203.4,202.65,-0.75
769,202.65,202.1,-0.5500000000000114
770,202.0,202.65,0.6500000000000057
771,203.9,204.5,0.5999999999999943
772,202.75,201.65,-1.0999999999999943
773,203.05,202.8,-0.25
774,203.35,203.7,0.3499999999999943
775,204.15,204.5,0.3499999999999943
776,205.35,206.2,0.8499999999999943
777,202.45,202.75,0.30000000000001137
778,203.15,203.0,-0.15000000000000568
779,199.75,199.05,-0.6999999999999886
780,201.55,201.55,0.0
781,201.95,200.95,-1.0
782,202.0,202.6,0.5999999999999943
783,203.2,203.2,0.0
784,202.6,202.15,-0.44999999999998863
785,202.35,202.1,-0.25
786,202.9,202.7,-0.20000000000001705
787,202.95,202.3,-0.6499999999999773
788,202.6,202.9,0.30000000000001137
789,203.4,203.05,-0.3499999999999943
790,202.65,201.75,-0.9000000000000057
791,201.9,201.45,-0.45000000000001705
792,203.95,203.9,-0.04999999999998295
793,203.7,203.45,-0.25
794,203.2,202.6,-0.5999999999999943
795,201.85,201.35,-0.5
796,201.85,201.7,-0.15000000000000568
797,202.7,202.2,-0.5
798,202.55,202.15,-0.4000000000000057
799,203.1,203.1,0.0
800,202.75,202.65,-0.09999999999999432
801,204.75,205.35,0.5999999999999943
802,203.35,203.15,-0.19999999999998863
803,203.2,203.65,0.45000000000001705
804,206.2,206.85,0.6500000000000057
805,206.65,206.4,-0.25
806,206.45,205.5,-0.9499999999999886
807,203.8,205.0,1.1999999999999886
808,206.4,206.0,-0.4000000000000057
809,206.4,207.15,0.75
810,206.65,206.95,0.29999999999998295
811,205.5,205.05,-0.44999999999998863
812,203.3,203.2,-0.10000000000002274
813,203.95,203.45,-0.5
814,203.9,203.4,-0.5
815,202.5,202.1,-0.4000000000000057
816,201.75,201.4,-0.3499999999999943
817,202.35,203.8,1.450000000000017
818,207.0,206.7,-0.30000000000001137
819,207.05,206.15,-0.9000000000000057
820,205.6,205.05,-0.549999999999983
821,207.65,207.15,-0.5
822,207.65,208.65,1.0
823,209.9,210.15,0.25
824,206.85,207.25,0.4000000000000057
825,206.65,206.5,-0.15000000000000568
826,205.5,205.5,0.0
827,204.25,204.0,-0.25
828,206.15,205.3,-0.8499999999999943
829,209.45,210.1,0.6500000000000057
830,208.0,207.95,-0.05000000000001137
831,208.0,207.55,-0.44999999999998863
832,208.2,207.65,-0.549999999999983
833,207.0,206.65,-0.3499999999999943
834,207.0,206.55,-0.44999999999998863
835,206.9,206.35,-0.5500000000000114
836,207.45,207.05,-0.39999999999997726
837,207.6,207.05,-0.549999999999983
838,207.45,207.2,-0.25
839,207.9,207.2,-0.700000000000017
840,207.9,207.65,-0.25
