,buy,sell,net
0,190.85,190.5,-0.3499999999999943
1,192.15,191.8,-0.3499999999999943
2,192.3,192.3,0.0
3,192.35,192.5,0.15000000000000568
4,192.5,192.0,-0.5
5,192.4,193.2,0.799999999999983
6,192.15,192.0,-0.15000000000000568
7,191.5,192.05,0.5500000000000114
8,192.55,194.55,2.0
9,194.65,194.05,-0.5999999999999943
10,191.7,192.4,0.700000000000017
11,193.75,193.85,0.09999999999999432
12,194.5,193.85,-0.6500000000000057
13,195.45,195.0,-0.44999999999998863
14,194.9,194.5,-0.4000000000000057
15,187.8,187.5,-0.30000000000001137
16,185.7,185.3,-0.39999999999997726
17,179.9,182.15,2.25
18,175.35,177.85,2.5
19,174.6,174.15,-0.44999999999998863
20,175.2,175.65,0.45000000000001705
21,177.65,176.9,-0.75
22,177.3,177.8,0.5
23,176.5,179.1,2.5999999999999943
24,180.4,180.75,0.3499999999999943
25,181.25,182.4,1.1500000000000057
26,180.8,181.45,0.6499999999999773
27,182.3,181.5,-0.8000000000000114
28,179.85,179.4,-0.44999999999998863
29,179.85,180.85,1.0
30,180.8,181.5,0.6999999999999886
31,186.2,186.85,0.6500000000000057
32,187.3,188.8,1.5
33,189.4,190.2,0.799999999999983
34,190.0,192.2,2.1999999999999886
35,192.5,194.45,1.9499999999999886
36,193.8,193.25,-0.5500000000000114
37,195.95,195.6,-0.3499999999999943
38,196.0,195.6,-0.4000000000000057
39,194.55,194.1,-0.45000000000001705
40,195.15,196.7,1.549999999999983
41,196.9,196.3,-0.5999999999999943
42,197.4,197.4,0.0
43,197.95,198.65,0.700000000000017
44,196.45,196.0,-0.44999999999998863
45,195.5,195.0,-0.5
46,196.8,198.05,1.25
47,197.05,196.6,-0.45000000000001705
48,192.95,194.15,1.200000000000017
49,194.6,194.75,0.15000000000000568
50,188.85,189.9,1.0500000000000114
51,187.35,189.15,1.8000000000000114
52,190.0,189.8,-0.19999999999998863
53,190.6,190.3,-0.29999999999998295
54,190.3,191.0,0.6999999999999886
55,192.25,193.1,0.8499999999999943
56,192.0,189.7,-2.3000000000000114
57,192.4,191.75,-0.6500000000000057
58,190.6,191.05,0.45000000000001705
59,191.35,191.1,-0.25
60,189.5,188.8,-0.6999999999999886
61,189.9,189.95,0.04999999999998295
62,190.4,190.3,-0.09999999999999432
63,190.7,190.1,-0.5999999999999943
64,188.85,188.15,-0.6999999999999886
65,188.1,188.5,0.4000000000000057
66,189.3,190.05,0.75
67,190.65,189.55,-1.0999999999999943
68,189.4,189.2,-0.20000000000001705
69,189.35,188.85,-0.5
70,190.2,191.2,1.0
71,191.85,191.4,-0.44999999999998863
72,191.4,191.8,0.4000000000000057
73,191.3,190.35,-0.950000000000017
74,192.6,194.9,2.3000000000000114
75,193.85,193.45,-0.4000000000000057
76,193.45,194.2,0.75
77,195.3,196.85,1.549999999999983
78,192.3,192.0,-0.30000000000001137
79,192.55,192.2,-0.35000000000002274
80,192.55,193.4,0.8499999999999943
81,193.85,193.75,-0.09999999999999432
82,194.85,195.15,0.30000000000001137
83,194.85,195.95,1.0999999999999943
84,196.15,196.15,0.0
85,195.3,195.7,0.39999999999997726
86,192.05,191.55,-0.5
87,192.15,191.7,-0.45000000000001705
88,192.55,193.3,0.75
89,192.3,192.0,-0.30000000000001137
90,188.1,189.65,1.5500000000000114
91,191.75,191.6,-0.15000000000000568
92,194.25,194.65,0.4000000000000057
93,193.55,193.4,-0.15000000000000568
94,193.6,194.15,0.5500000000000114
95,194.45,194.5,0.05000000000001137
96,196.1,195.65,-0.44999999999998863
97,195.15,195.3,0.15000000000000568
98,195.45,195.5,0.05000000000001137
99,197.05,196.55,-0.5
100,195.35,195.4,0.05000000000001137
101,196.95,196.4,-0.549999999999983
102,195.35,195.05,-0.29999999999998295
103,195.5,194.7,-0.8000000000000114
104,192.0,193.05,1.0500000000000114
105,194.9,194.65,-0.25
106,195.45,195.0,-0.44999999999998863
107,196.9,196.45,-0.45000000000001705
108,201.75,201.4,-0.3499999999999943
109,201.75,201.85,0.09999999999999432
110,202.4,202.0,-0.4000000000000057
111,203.6,204.45,0.8499999999999943
112,204.2,206.3,2.1000000000000227
113,203.85,203.4,-0.44999999999998863
114,203.9,203.05,-0.8499999999999943
115,202.65,202.95,0.29999999999998295
116,203.15,202.75,-0.4000000000000057
117,201.6,201.05,-0.549999999999983
118,200.3,200.05,-0.25
119,199.9,199.45,-0.45000000000001705
120,202.0,201.65,-0.3499999999999943
121,201.9,201.05,-0.8499999999999943
122,201.95,201.1,-0.8499999999999943
123,202.15,201.95,-0.20000000000001705
124,201.55,201.0,-0.5500000000000114
125,202.0,201.45,-0.5500000000000114
126,202.05,201.55,-0.5
127,201.65,201.25,-0.4000000000000057
128,201.8,201.95,0.14999999999997726
129,199.95,199.5,-0.44999999999998863
130,195.15,194.65,-0.5
131,195.25,195.35,0.09999999999999432
132,197.0,196.0,-1.0
133,197.05,197.05,0.0
134,197.05,197.05,0.0
135,196.85,197.65,0.8000000000000114
136,199.95,199.45,-0.5
137,199.2,199.7,0.5
138,196.8,197.15,0.3499999999999943
139,202.3,201.4,-0.9000000000000057
140,200.2,199.95,-0.25
141,202.4,202.05,-0.3499999999999943
142,202.0,202.15,0.15000000000000568
143,200.65,200.4,-0.25
144,200.25,200.15,-0.09999999999999432
145,202.5,202.15,-0.3499999999999943
146,203.45,203.1,-0.3499999999999943
147,203.6,202.15,-1.4499999999999886
148,202.5,201.4,-1.0999999999999943
149,201.6,200.95,-0.6500000000000057
150,200.15,199.65,-0.5
151,200.0,199.55,-0.44999999999998863
152,200.15,199.1,-1.0500000000000114
153,200.15,199.75,-0.4000000000000057
154,200.15,199.7,-0.45000000000001705
155,199.85,199.55,-0.29999999999998295
156,203.85,203.45,-0.4000000000000057
157,206.9,206.45,-0.45000000000001705
158,204.75,204.35,-0.4000000000000057
159,205.2,205.0,-0.19999999999998863
160,206.3,206.9,0.5999999999999943
161,206.5,206.9,0.4000000000000057
162,206.65,205.0,-1.6500000000000057
163,203.6,203.45,-0.15000000000000568
164,203.65,203.3,-0.3499999999999943
165,203.9,204.15,0.25
166,204.15,203.3,-0.8499999999999943
167,203.25,202.4,-0.8499999999999943
168,202.75,202.1,-0.6500000000000057
169,203.2,203.2,0.0
170,203.7,203.65,-0.04999999999998295
171,204.15,204.05,-0.09999999999999432
172,205.8,206.05,0.25
173,206.0,206.65,0.6500000000000057
174,209.6,209.1,-0.5
175,209.3,208.9,-0.4000000000000057
176,209.9,210.75,0.8499999999999943
177,210.6,211.15,0.5500000000000114
178,209.45,209.35,-0.09999999999999432
179,209.25,209.8,0.5500000000000114
180,212.4,212.0,-0.4000000000000057
181,213.4,213.0,-0.4000000000000057
182,211.95,212.7,0.75
183,213.0,213.35,0.3499999999999943
184,213.8,213.95,0.14999999999997726
185,211.95,212.2,0.25
186,212.1,212.55,0.45000000000001705
187,212.2,211.7,-0.5
188,208.75,209.7,0.9499999999999886
189,210.65,209.9,-0.75
190,210.85,209.0,-1.8499999999999943
191,209.55,209.15,-0.4000000000000057
192,208.2,207.65,-0.549999999999983
193,208.0,207.55,-0.44999999999998863
194,208.3,207.15,-1.1500000000000057
195,208.95,210.05,1.1000000000000227
196,211.05,210.55,-0.5
197,209.2,210.1,0.9000000000000057
198,211.3,210.75,-0.5500000000000114
199,213.0,212.35,-0.6500000000000057
200,212.8,214.5,1.6999999999999886
201,212.95,212.55,-0.39999999999997726
202,212.0,210.65,-1.3499999999999943
203,210.7,210.9,0.20000000000001705
204,209.7,209.75,0.05000000000001137
205,210.75,210.15,-0.5999999999999943
206,212.85,215.5,2.6500000000000057
207,214.0,214.1,0.09999999999999432
208,214.2,214.5,0.30000000000001137
209,212.2,211.45,-0.75
210,212.9,213.25,0.3499999999999943
211,213.1,212.9,-0.19999999999998863
212,210.4,210.5,0.09999999999999432
213,211.25,212.4,1.1500000000000057
214,213.2,213.05,-0.14999999999997726
215,214.05,213.6,-0.45000000000001705
216,214.2,213.6,-0.5999999999999943
217,214.4,214.1,-0.30000000000001137
218,213.5,213.95,0.44999999999998863
219,211.6,211.8,0.20000000000001705
220,212.5,212.9,0.4000000000000057
221,213.1,212.7,-0.4000000000000057
222,213.0,212.55,-0.44999999999998863
223,213.5,213.3,-0.19999999999998863
224,213.15,214.3,1.1500000000000057
225,209.5,209.25,-0.25
226,209.7,210.6,0.9000000000000057
227,211.65,212.4,0.75
228,212.8,211.1,-1.700000000000017
229,212.05,211.6,-0.45000000000001705
230,212.85,212.55,-0.29999999999998295
231,212.5,212.4,-0.09999999999999432
232,212.4,212.75,0.3499999999999943
233,213.1,214.15,1.0500000000000114
234,215.3,213.85,-1.450000000000017
235,208.35,210.55,2.200000000000017
236,209.15,208.65,-0.5
237,211.1,211.2,0.09999999999999432
238,209.65,209.45,-0.20000000000001705
239,209.4,208.1,-1.3000000000000114
240,208.65,208.25,-0.4000000000000057
241,208.25,207.85,-0.4000000000000057
242,208.25,208.05,-0.19999999999998863
243,208.3,207.95,-0.35000000000002274
244,208.15,207.85,-0.30000000000001137
245,207.75,207.85,0.09999999999999432
246,208.2,207.5,-0.6999999999999886
247,205.0,205.6,0.5999999999999943
248,203.1,202.7,-0.4000000000000057
249,202.5,202.35,-0.15000000000000568
250,200.3,199.95,-0.35000000000002274
251,200.0,199.55,-0.44999999999998863
252,200.0,200.05,0.05000000000001137
253,199.35,200.5,1.1500000000000057
254,197.85,197.4,-0.44999999999998863
255,196.6,195.6,-1.0
256,196.5,197.1,0.5999999999999943
257,200.0,199.8,-0.19999999999998863
258,198.6,200.2,1.5999999999999943
259,200.75,200.9,0.15000000000000568
260,200.1,200.4,0.30000000000001137
261,203.1,204.7,1.5999999999999943
262,205.15,205.65,0.5
263,204.6,204.3,-0.29999999999998295
264,203.9,204.65,0.75
265,204.6,205.55,0.950000000000017
266,208.25,209.35,1.0999999999999943
267,208.65,208.2,-0.45000000000001705
268,205.95,205.85,-0.09999999999999432
269,204.75,206.25,1.5
270,207.0,206.95,-0.05000000000001137
271,209.35,209.7,0.3499999999999943
272,209.8,210.25,0.44999999999998863
273,209.95,209.35,-0.5999999999999943
274,209.65,209.35,-0.30000000000001137
275,209.65,210.15,0.5
276,210.6,210.85,0.25
277,209.6,209.1,-0.5
278,209.1,209.8,0.700000000000017
279,211.2,210.95,-0.25
280,210.65,210.2,-0.45000000000001705
281,212.15,212.2,0.04999999999998295
282,212.65,212.7,0.04999999999998295
283,212.0,212.05,0.05000000000001137
284,212.15,212.3,0.15000000000000568
285,212.85,213.55,0.700000000000017
286,213.4,212.85,-0.5500000000000114
287,212.9,214.85,1.9499999999999886
288,215.3,215.1,-0.20000000000001705
289,215.8,215.75,-0.05000000000001137
290,216.2,215.05,-1.1499999999999773
291,215.4,216.2,0.799999999999983
292,216.95,216.2,-0.75
293,219.45,219.25,-0.19999999999998863
294,218.25,217.05,-1.1999999999999886
295,216.75,217.6,0.8499999999999943
296,218.0,218.55,0.5500000000000114
297,219.55,219.25,-0.30000000000001137
298,219.7,220.2,0.5
299,219.6,219.9,0.30000000000001137
300,219.05,219.5,0.44999999999998863
301,220.8,224.85,4.049999999999983
302,223.6,223.15,-0.44999999999998863
303,225.3,224.7,-0.6000000000000227
304,225.95,226.1,0.15000000000000568
305,225.2,226.3,1.1000000000000227
306,226.25,227.2,0.9499999999999886
307,227.05,227.3,0.25
308,226.5,227.25,0.75
309,228.25,227.65,-0.5999999999999943
310,228.0,228.9,0.9000000000000057
311,229.9,231.25,1.3499999999999943
312,233.1,233.15,0.05000000000001137
313,233.4,233.2,-0.20000000000001705
314,232.25,231.75,-0.5
315,233.3,232.65,-0.6500000000000057
316,231.6,231.3,-0.29999999999998295
317,231.9,231.45,-0.45000000000001705
318,231.85,234.15,2.3000000000000114
319,234.0,234.25,0.25
320,233.45,233.95,0.5
321,232.45,233.3,0.8500000000000227
322,235.45,233.75,-1.6999999999999886
323,236.85,236.8,-0.04999999999998295
324,237.2,238.15,0.950000000000017
325,238.65,238.5,-0.15000000000000568
326,235.15,234.1,-1.0500000000000114
327,233.7,233.75,0.05000000000001137
328,232.8,233.0,0.19999999999998863
329,233.45,233.7,0.25
330,233.25,232.7,-0.5500000000000114
331,232.9,234.0,1.0999999999999943
332,231.25,231.0,-0.25
333,232.2,231.7,-0.5
334,226.5,228.15,1.6500000000000057
335,227.1,227.05,-0.04999999999998295
336,228.95,229.3,0.35000000000002274
337,231.2,230.8,-0.39999999999997726
338,230.15,229.85,-0.30000000000001137
339,230.35,230.5,0.15000000000000568
340,228.1,226.85,-1.25
341,227.35,227.75,0.4000000000000057
342,229.9,228.45,-1.450000000000017
343,230.7,230.15,-0.549999999999983
344,230.2,229.55,-0.6499999999999773
345,230.0,229.85,-0.15000000000000568
346,230.0,229.95,-0.05000000000001137
347,230.35,229.95,-0.4000000000000057
348,229.0,228.65,-0.3499999999999943
349,227.4,227.5,0.09999999999999432
350,228.1,227.25,-0.8499999999999943
351,224.7,225.1,0.4000000000000057
352,223.6,223.05,-0.549999999999983
353,222.7,222.15,-0.549999999999983
354,223.65,223.2,-0.45000000000001705
355,223.7,223.45,-0.25
356,223.8,223.2,-0.6000000000000227
357,223.8,223.55,-0.25
358,226.4,226.05,-0.3499999999999943
359,225.35,224.85,-0.5
360,222.05,221.4,-0.6500000000000057
361,221.85,221.35,-0.5
362,221.05,220.7,-0.35000000000002274
363,218.25,217.9,-0.3499999999999943
364,221.9,221.8,-0.09999999999999432
365,222.15,221.7,-0.45000000000001705
366,221.6,222.15,0.5500000000000114
367,222.6,223.75,1.1500000000000057
368,223.4,223.6,0.19999999999998863
369,225.4,225.3,-0.09999999999999432
370,225.5,224.6,-0.9000000000000057
371,225.1,224.7,-0.4000000000000057
372,225.3,225.1,-0.20000000000001705
373,225.6,225.6,0.0
374,225.55,225.3,-0.25
375,225.7,225.2,-0.5
376,225.45,225.05,-0.39999999999997726
377,229.0,229.4,0.4000000000000057
378,230.6,230.25,-0.3499999999999943
379,231.2,230.45,-0.75
380,228.8,228.55,-0.25
381,230.0,229.15,-0.8499999999999943
382,230.35,229.85,-0.5
383,229.0,228.55,-0.44999999999998863
384,229.25,228.45,-0.8000000000000114
385,230.6,230.15,-0.44999999999998863
386,230.15,229.65,-0.5
387,230.65,230.2,-0.45000000000001705
388,227.35,227.8,0.45000000000001705
389,230.4,229.85,-0.5500000000000114
390,228.9,228.8,-0.09999999999999432
391,230.4,230.65,0.25
392,230.6,230.25,-0.3499999999999943
393,232.15,231.7,-0.45000000000001705
394,230.6,230.65,0.05000000000001137
395,231.9,232.15,0.25
396,226.65,225.65,-1.0
397,225.8,226.8,1.0
398,227.3,226.8,-0.5
399,225.2,224.65,-0.549999999999983
400,223.85,224.35,0.5
401,222.45,222.8,0.35000000000002274
402,224.95,225.95,1.0
403,225.25,225.25,0.0
404,225.35,224.2,-1.1500000000000057
405,226.65,227.65,1.0
406,228.85,229.9,1.0500000000000114
407,231.0,231.0,0.0
408,230.8,230.95,0.14999999999997726
409,230.6,230.05,-0.549999999999983
410,231.95,233.05,1.1000000000000227
411,233.4,233.05,-0.3499999999999943
412,233.35,232.85,-0.5
413,233.25,232.7,-0.5500000000000114
414,234.35,235.3,0.950000000000017
415,233.55,233.9,0.3499999999999943
416,232.0,231.45,-0.5500000000000114
417,231.1,230.7,-0.4000000000000057
418,231.1,230.7,-0.4000000000000057
419,230.65,230.1,-0.5500000000000114
420,230.3,230.75,0.44999999999998863
421,230.6,229.25,-1.3499999999999943
422,230.95,229.8,-1.1499999999999773
423,230.65,230.2,-0.45000000000001705
424,230.6,230.05,-0.549999999999983
425,230.25,231.05,0.8000000000000114
426,225.4,224.5,-0.9000000000000057
427,224.4,225.2,0.799999999999983
428,222.75,223.05,0.30000000000001137
429,221.55,222.8,1.25
430,222.8,223.75,0.9499999999999886
431,223.8,223.3,-0.5
432,222.55,223.2,0.6499999999999773
433,223.75,223.75,0.0
434,225.25,224.65,-0.5999999999999943
435,225.3,225.4,0.09999999999999432
436,227.1,227.15,0.05000000000001137
437,227.35,226.8,-0.549999999999983
438,228.6,229.1,0.5
439,230.45,230.3,-0.14999999999997726
440,228.95,228.9,-0.04999999999998295
441,230.25,230.15,-0.09999999999999432
442,230.45,230.15,-0.29999999999998295
443,233.3,233.4,0.09999999999999432
444,235.3,235.1,-0.20000000000001705
445,233.5,234.7,1.1999999999999886
446,234.6,235.7,1.0999999999999943
447,236.2,236.5,0.30000000000001137
448,235.15,235.1,-0.05000000000001137
449,234.5,234.5,0.0
450,235.1,237.1,2.0
451,235.2,234.7,-0.5
452,233.5,233.3,-0.19999999999998863
453,233.8,234.0,0.19999999999998863
454,230.65,230.2,-0.45000000000001705
455,227.2,227.6,0.4000000000000057
456,227.95,227.8,-0.14999999999997726
457,225.5,225.65,0.15000000000000568
458,227.2,226.65,-0.549999999999983
459,226.9,227.2,0.29999999999998295
460,222.65,222.2,-0.45000000000001705
461,223.5,224.3,0.8000000000000114
462,222.65,222.1,-0.5500000000000114
463,222.6,224.1,1.5
464,223.5,224.2,0.6999999999999886
465,227.1,226.8,-0.29999999999998295
466,227.25,227.25,0.0
467,222.65,222.45,-0.20000000000001705
468,221.95,221.3,-0.6499999999999773
469,223.4,224.25,0.8499999999999943
470,223.7,224.3,0.6000000000000227
471,223.7,223.15,-0.549999999999983
472,227.35,227.15,-0.19999999999998863
473,226.85,226.3,-0.549999999999983
474,227.3,227.15,-0.15000000000000568
475,227.7,228.7,1.0
476,230.4,230.05,-0.3499999999999943
477,230.4,230.85,0.44999999999998863
478,230.9,231.1,0.19999999999998863
479,230.8,230.95,0.14999999999997726
480,231.2,230.35,-0.8499999999999943
481,230.6,230.0,-0.5999999999999943
482,228.25,226.8,-1.4499999999999886
483,225.5,226.15,0.6500000000000057
484,221.8,221.6,-0.20000000000001705
485,222.0,221.4,-0.5999999999999943
486,221.85,221.55,-0.29999999999998295
487,222.2,222.95,0.75
488,223.6,223.95,0.3499999999999943
489,218.55,219.35,0.799999999999983
490,213.5,213.4,-0.09999999999999432
491,208.3,207.95,-0.35000000000002274
492,208.95,210.55,1.6000000000000227
493,209.6,209.6,0.0
494,209.95,211.8,1.8500000000000227
495,211.35,213.8,2.450000000000017
496,214.6,215.15,0.5500000000000114
497,217.75,215.8,-1.9499999999999886
498,216.4,215.75,-0.6500000000000057
499,216.2,215.85,-0.3499999999999943
500,217.9,217.35,-0.5500000000000114
501,211.8,213.7,1.8999999999999773
502,213.1,212.65,-0.44999999999998863
503,214.35,215.45,1.0999999999999943
504,213.2,212.1,-1.0999999999999943
505,211.2,209.65,-1.549999999999983
506,211.2,211.4,0.20000000000001705
507,212.5,213.55,1.0500000000000114
508,214.3,216.0,1.6999999999999886
509,212.95,212.55,-0.39999999999997726
510,213.0,212.75,-0.25
511,212.7,213.1,0.4000000000000057
512,211.9,212.5,0.5999999999999943
513,212.3,212.1,-0.20000000000001705
514,212.95,213.25,0.30000000000001137
515,213.2,212.75,-0.44999999999998863
516,209.65,208.45,-1.200000000000017
517,206.8,206.6,-0.20000000000001705
518,207.05,207.0,-0.05000000000001137
519,206.25,205.6,-0.6500000000000057
520,205.2,204.7,-0.5
521,203.15,202.65,-0.5
522,203.05,202.55,-0.5
523,203.05,204.35,1.299999999999983
524,208.0,208.05,0.05000000000001137
525,208.05,207.35,-0.700000000000017
526,205.5,205.05,-0.44999999999998863
527,205.4,203.65,-1.75
528,206.3,205.2,-1.1000000000000227
529,205.85,205.3,-0.549999999999983
530,207.6,208.35,0.75
531,208.85,210.3,1.450000000000017
532,212.45,211.6,-0.8499999999999943
533,210.85,210.3,-0.549999999999983
534,203.45,203.3,-0.14999999999997726
535,203.8,204.5,0.6999999999999886
536,206.45,206.65,0.20000000000001705
537,206.9,206.35,-0.5500000000000114
538,207.15,207.9,0.75
539,208.1,207.65,-0.44999999999998863
540,204.85,204.6,-0.25
541,200.6,198.55,-2.049999999999983
542,199.2,199.5,0.30000000000001137
543,202.6,202.35,-0.25
544,202.45,201.95,-0.5
545,202.0,201.6,-0.4000000000000057
546,202.6,202.25,-0.3499999999999943
547,202.55,201.85,-0.700000000000017
548,202.2,203.6,1.4000000000000057
549,203.5,203.0,-0.5
550,203.6,203.6,0.0
551,201.95,202.95,1.0
552,200.75,201.15,0.4000000000000057
553,197.85,198.45,0.5999999999999943
554,196.75,196.25,-0.5
555,197.9,197.45,-0.45000000000001705
556,195.4,195.75,0.3499999999999943
557,196.9,197.2,0.29999999999998295
558,196.9,196.4,-0.5
559,194.8,195.85,1.049999999999983
560,197.0,196.45,-0.5500000000000114
561,195.5,194.65,-0.8499999999999943
562,195.2,194.75,-0.44999999999998863
563,195.3,194.85,-0.45000000000001705
564,192.8,193.2,0.39999999999997726
565,194.3,192.85,-1.450000000000017
566,196.9,197.0,0.09999999999999432
567,196.15,195.65,-0.5
568,194.7,193.8,-0.8999999999999773
569,192.5,192.05,-0.44999999999998863
570,193.75,194.05,0.30000000000001137
571,195.4,195.05,-0.3499999999999943
572,195.05,195.2,0.14999999999997726
573,194.85,193.85,-1.0
574,192.5,192.15,-0.3499999999999943
575,191.95,191.85,-0.09999999999999432
576,192.3,192.2,-0.10000000000002274
577,191.75,191.65,-0.09999999999999432
578,190.4,191.4,1.0
579,190.5,188.8,-1.6999999999999886
580,188.75,189.5,0.75
581,187.45,187.45,0.0
582,185.85,185.4,-0.44999999999998863
583,186.15,186.05,-0.09999999999999432
584,189.1,189.05,-0.04999999999998295
585,189.35,188.9,-0.44999999999998863
586,189.0,189.75,0.75
587,188.0,188.35,0.3499999999999943
588,186.6,186.2,-0.4000000000000057
589,183.75,184.4,0.6500000000000057
590,184.75,186.8,2.0500000000000114
591,186.95,187.25,0.30000000000001137
592,188.8,188.45,-0.35000000000002274
593,190.7,190.25,-0.44999999999998863
594,190.65,191.75,1.0999999999999943
595,190.55,190.35,-0.20000000000001705
596,187.05,187.45,0.39999999999997726
597,184.8,187.15,2.3499999999999943
598,190.65,189.85,-0.8000000000000114
599,190.0,189.7,-0.30000000000001137
600,189.9,191.35,1.4499999999999886
601,192.3,191.9,-0.4000000000000057
602,192.55,192.75,0.19999999999998863
603,192.65,192.4,-0.25
604,194.6,194.35,-0.25
605,193.75,193.85,0.09999999999999432
606,193.65,194.25,0.5999999999999943
607,195.4,196.2,0.799999999999983
608,193.95,193.6,-0.3499999999999943
609,191.3,191.6,0.29999999999998295
610,191.95,192.15,0.20000000000001705
611,192.3,191.9,-0.4000000000000057
612,191.5,191.1,-0.4000000000000057
613,189.35,190.5,1.1500000000000057
614,190.55,190.1,-0.45000000000001705
615,189.3,188.75,-0.5500000000000114
616,187.4,187.5,0.09999999999999432
617,184.95,185.0,0.05000000000001137
618,180.85,180.5,-0.3499999999999943
619,180.4,181.05,0.6500000000000057
620,179.9,179.75,-0.15000000000000568
621,181.65,181.45,-0.20000000000001705
622,181.8,181.15,-0.6500000000000057
623,183.45,184.1,0.6500000000000057
624,187.2,187.7,0.5
625,189.9,189.1,-0.8000000000000114
626,187.8,187.9,0.09999999999999432
627,188.35,187.95,-0.4000000000000057
628,189.45,189.75,0.30000000000001137
629,188.25,189.4,1.1500000000000057
630,189.1,188.25,-0.8499999999999943
631,187.15,186.85,-0.30000000000001137
632,185.9,186.8,0.9000000000000057
633,188.6,188.15,-0.44999999999998863
634,187.75,187.45,-0.30000000000001137
635,186.85,187.05,0.20000000000001705
636,187.05,186.6,-0.45000000000001705
637,188.3,188.4,0.09999999999999432
638,190.0,190.25,0.25
639,190.05,189.6,-0.45000000000001705
640,185.1,184.75,-0.3499999999999943
641,185.65,185.1,-0.5500000000000114
642,185.0,184.55,-0.44999999999998863
643,185.65,185.3,-0.3499999999999943
644,184.55,184.15,-0.4000000000000057
645,182.15,181.45,-0.700000000000017
646,181.85,182.95,1.0999999999999943
647,185.35,185.85,0.5
648,187.85,189.45,1.5999999999999943
649,192.15,193.3,1.1500000000000057
650,192.55,192.15,-0.4000000000000057
651,192.45,192.15,-0.29999999999998295
652,190.85,190.5,-0.3499999999999943
653,191.6,189.55,-2.049999999999983
654,188.65,188.8,0.15000000000000568
655,189.45,190.45,1.0
656,191.55,191.2,-0.35000000000002274
657,196.95,196.7,-0.25
658,192.2,193.2,1.0
659,191.65,191.7,0.04999999999998295
660,192.4,191.25,-1.1500000000000057
661,191.6,190.9,-0.6999999999999886
662,187.95,187.75,-0.19999999999998863
663,188.75,189.15,0.4000000000000057
664,187.9,188.7,0.799999999999983
665,189.55,189.95,0.39999999999997726
666,190.55,189.9,-0.6500000000000057
667,192.25,191.8,-0.44999999999998863
668,189.7,189.35,-0.3499999999999943
669,187.0,186.1,-0.9000000000000057
670,186.15,186.3,0.15000000000000568
671,185.05,185.9,0.8499999999999943
672,185.55,185.4,-0.15000000000000568
673,184.75,184.55,-0.19999999999998863
674,184.8,184.35,-0.45000000000001705
675,184.2,184.3,0.10000000000002274
676,187.5,188.1,0.5999999999999943
677,182.65,182.85,0.19999999999998863
678,182.8,182.4,-0.4000000000000057
679,183.55,184.35,0.799999999999983
680,182.7,182.55,-0.14999999999997726
681,182.25,182.95,0.6999999999999886
682,184.6,184.6,0.0
683,186.05,186.35,0.29999999999998295
684,185.05,185.5,0.44999999999998863
685,187.7,187.4,-0.29999999999998295
686,186.15,186.55,0.4000000000000057
687,187.9,189.25,1.3499999999999943
688,184.75,184.5,-0.25
689,177.15,176.8,-0.3499999999999943
690,179.8,179.55,-0.25
691,178.5,179.0,0.5
692,179.7,180.05,0.35000000000002274
693,181.7,181.25,-0.44999999999998863
694,183.5,183.15,-0.3499999999999943
695,184.35,184.55,0.20000000000001705
696,185.0,185.4,0.4000000000000057
697,186.0,186.95,0.9499999999999886
698,187.25,187.75,0.5
699,190.1,189.75,-0.3499999999999943
700,190.75,190.4,-0.3499999999999943
701,191.7,192.25,0.5500000000000114
702,190.6,190.05,-0.549999999999983
703,190.75,190.4,-0.3499999999999943
704,191.25,191.65,0.4000000000000057
705,191.4,191.55,0.15000000000000568
706,192.15,191.75,-0.4000000000000057
707,192.6,193.35,0.75
708,193.85,194.15,0.30000000000001137
709,195.35,195.9,0.5500000000000114
710,194.9,194.75,-0.15000000000000568
711,194.3,194.95,0.6499999999999773
712,195.4,195.25,-0.15000000000000568
713,194.85,195.0,0.15000000000000568
714,192.8,192.8,0.0
715,192.65,193.1,0.44999999999998863
716,193.6,193.7,0.09999999999999432
717,192.4,192.5,0.09999999999999432
718,192.9,193.3,0.4000000000000057
719,194.1,195.25,1.1500000000000057
720,192.5,191.0,-1.5
721,191.65,191.8,0.15000000000000568
722,192.4,191.95,-0.45000000000001705
723,192.1,191.6,-0.5
724,192.55,191.6,-0.950000000000017
725,182.0,181.65,-0.3499999999999943
726,179.15,179.6,0.44999999999998863
727,178.45,178.15,-0.29999999999998295
728,173.75,173.4,-0.3499999999999943
729,173.8,173.3,-0.5
730,173.9,174.55,0.6500000000000057
731,174.05,173.75,-0.30000000000001137
732,171.0,170.6,-0.4000000000000057
733,168.75,168.35,-0.4000000000000057
734,170.0,169.65,-0.3499999999999943
735,168.8,169.3,0.5
736,169.7,167.8,-1.8999999999999773
737,168.15,168.85,0.6999999999999886
738,169.15,168.75,-0.4000000000000057
739,163.4,163.05,-0.3499999999999943
740,163.4,165.15,1.75
741,166.55,166.1,-0.45000000000001705
742,163.95,163.6,-0.3499999999999943
743,163.75,163.1,-0.6500000000000057
744,161.05,160.55,-0.5
745,161.05,160.75,-0.30000000000001137
746,161.75,161.3,-0.44999999999998863
747,160.45,159.6,-0.8499999999999943
748,156.55,156.25,-0.30000000000001137
749,156.6,155.95,-0.6500000000000057
750,156.3,157.4,1.0999999999999943
751,157.85,160.2,2.3499999999999943
752,160.65,160.0,-0.6500000000000057
753,160.45,160.1,-0.3499999999999943
754,160.6,160.25,-0.3499999999999943
755,160.7,161.1,0.4000000000000057
756,161.55,162.2,0.6499999999999773
757,162.65,163.5,0.8499999999999943
758,163.9,162.15,-1.75
759,162.55,163.5,0.9499999999999886
760,163.85,161.8,-2.049999999999983
761,162.75,162.3,-0.44999999999998863
762,160.85,160.5,-0.3499999999999943
763,160.95,160.6,-0.3499999999999943
764,162.85,162.4,-0.44999999999998863
765,161.35,160.9,-0.44999999999998863
766,161.85,161.4,-0.44999999999998863
767,161.6,161.2,-0.4000000000000057
768,159.4,159.05,-0.3499999999999943
769,163.1,162.65,-0.44999999999998863
770,162.6,162.15,-0.44999999999998863
771,164.15,163.8,-0.3499999999999943
772,162.95,162.6,-0.3499999999999943
773,163.05,162.0,-1.0500000000000114
774,162.2,161.75,-0.44999999999998863
775,164.4,164.1,-0.30000000000001137
776,163.75,163.3,-0.44999999999998863
777,163.6,164.95,1.3499999999999943
778,165.45,165.0,-0.44999999999998863
779,164.9,164.5,-0.4000000000000057
780,164.75,164.3,-0.44999999999998863
781,165.9,165.5,-0.4000000000000057
782,164.85,164.35,-0.5
783,165.4,165.0,-0.4000000000000057
784,164.9,164.6,-0.30000000000001137
785,165.8,165.15,-0.6500000000000057
786,167.45,167.0,-0.44999999999998863
787,166.75,166.4,-0.3499999999999943
788,168.05,168.35,0.29999999999998295
789,168.65,168.4,-0.25
790,169.1,168.1,-1.0
791,168.6,167.75,-0.8499999999999943
792,168.2,165.7,-2.5
793,166.0,165.85,-0.15000000000000568
794,165.85,165.55,-0.29999999999998295
795,167.75,167.8,0.05000000000001137
796,168.15,166.45,-1.700000000000017
797,166.9,164.6,-2.3000000000000114
798,165.35,164.95,-0.4000000000000057
799,163.9,163.45,-0.45000000000001705
800,164.9,164.65,-0.25
801,163.75,164.5,0.75
802,164.85,163.9,-0.9499999999999886
803,164.05,165.35,1.299999999999983
804,166.55,166.55,0.0
805,167.0,167.05,0.05000000000001137
806,167.35,166.35,-1.0
807,166.8,167.35,0.549999999999983
808,167.85,166.85,-1.0
809,168.45,165.85,-2.5999999999999943
810,166.2,164.75,-1.4499999999999886
811,165.15,165.3,0.15000000000000568
812,167.1,168.35,1.25
813,168.7,168.25,-0.44999999999998863
814,168.65,166.35,-2.3000000000000114
815,166.75,165.35,-1.4000000000000057
816,165.25,164.85,-0.4000000000000057
817,168.1,167.6,-0.5
818,171.8,172.05,0.25
819,172.4,174.9,2.5
820,177.5,177.0,-0.5
821,179.7,180.4,0.700000000000017
822,177.15,176.75,-0.4000000000000057
823,175.4,178.15,2.75
824,178.75,178.9,0.15000000000000568
825,178.35,176.5,-1.8499999999999943
826,175.0,174.6,-0.4000000000000057
827,179.25,180.8,1.5500000000000114
828,181.15,181.8,0.6500000000000057
829,181.45,181.1,-0.3499999999999943
830,178.2,178.9,0.700000000000017
831,175.45,175.0,-0.44999999999998863
832,174.8,176.0,1.1999999999999886
833,177.15,178.65,1.5
834,178.5,177.3,-1.1999999999999886
835,178.4,178.65,0.25
836,177.2,176.8,-0.39999999999997726
837,175.45,175.85,0.4000000000000057
838,176.0,176.9,0.9000000000000057
839,178.5,179.25,0.75
840,179.85,179.0,-0.8499999999999943
841,180.4,180.55,0.15000000000000568
842,181.6,182.05,0.45000000000001705
843,181.0,182.45,1.4499999999999886
844,182.7,183.6,0.9000000000000057
845,183.85,185.5,1.6500000000000057
846,187.25,187.5,0.25
847,189.65,189.25,-0.4000000000000057
848,189.8,190.85,1.049999999999983
849,187.7,187.25,-0.44999999999998863
850,188.05,187.6,-0.45000000000001705
851,191.6,192.15,0.5500000000000114
852,193.5,193.9,0.4000000000000057
853,194.35,195.4,1.0500000000000114
854,193.8,193.2,-0.6000000000000227
855,190.6,191.75,1.1500000000000057
856,192.15,192.1,-0.05000000000001137
857,192.55,191.25,-1.3000000000000114
858,191.75,190.6,-1.1500000000000057
859,185.8,185.45,-0.35000000000002274
860,185.6,186.1,0.5
861,186.2,187.7,1.5
862,188.0,188.2,0.19999999999998863
863,188.9,188.4,-0.5
864,188.1,187.65,-0.44999999999998863
865,189.1,188.95,-0.15000000000000568
866,190.5,190.1,-0.4000000000000057
867,189.85,190.8,0.950000000000017
868,193.0,192.2,-0.8000000000000114
869,192.55,191.75,-0.8000000000000114
870,193.9,195.4,1.5
871,195.1,194.25,-0.8499999999999943
872,194.7,194.25,-0.44999999999998863
873,194.65,198.05,3.4000000000000057
874,198.05,197.65,-0.4000000000000057
875,196.8,196.45,-0.35000000000002274
876,196.7,197.85,1.1500000000000057
877,200.2,200.7,0.5
878,201.05,199.4,-1.6500000000000057
879,202.15,201.7,-0.45000000000001705
880,202.7,202.25,-0.44999999999998863
881,202.25,201.8,-0.44999999999998863
882,203.2,202.7,-0.5
883,202.75,202.3,-0.44999999999998863
884,201.75,201.4,-0.3499999999999943
885,199.3,198.95,-0.35000000000002274
886,203.25,202.8,-0.44999999999998863
887,202.0,201.5,-0.5
888,201.5,200.0,-1.5
889,200.25,199.3,-0.9499999999999886
890,198.0,197.7,-0.30000000000001137
891,194.55,195.0,0.44999999999998863
892,194.1,195.3,1.200000000000017
893,192.2,193.85,1.6500000000000057
894,194.8,195.8,1.0
895,196.7,198.3,1.6000000000000227
896,197.75,198.0,0.25
897,199.0,199.25,0.25
898,197.85,197.35,-0.5
899,198.85,199.85,1.0
900,202.0,204.3,2.3000000000000114
901,205.15,205.25,0.09999999999999432
902,205.8,203.95,-1.8500000000000227
903,204.4,206.9,2.5
904,207.5,207.65,0.15000000000000568
905,207.05,206.6,-0.45000000000001705
906,208.15,207.8,-0.3499999999999943
907,207.65,207.2,-0.45000000000001705
908,206.0,207.1,1.0999999999999943
909,209.4,210.15,0.75
910,207.95,207.9,-0.04999999999998295
911,210.0,211.2,1.1999999999999886
912,211.8,211.95,0.14999999999997726
913,213.05,212.45,-0.6000000000000227
914,211.75,211.15,-0.5999999999999943
915,211.9,212.55,0.6500000000000057
916,212.15,211.55,-0.5999999999999943
917,211.95,212.35,0.4000000000000057
918,213.4,213.3,-0.09999999999999432
919,214.6,214.25,-0.3499999999999943
920,214.75,216.35,1.5999999999999943
921,214.75,214.35,-0.4000000000000057
922,216.85,214.4,-2.4499999999999886
923,215.3,215.9,0.5999999999999943
924,210.6,211.6,1.0
925,210.75,210.2,-0.5500000000000114
926,216.0,215.9,-0.09999999999999432
927,214.0,213.75,-0.25
928,212.55,212.7,0.14999999999997726
929,212.1,211.6,-0.5
930,212.3,211.7,-0.6000000000000227
931,212.3,213.2,0.8999999999999773
932,211.35,211.0,-0.3499999999999943
933,209.45,208.5,-0.9499999999999886
934,208.35,208.0,-0.3499999999999943
935,208.2,207.95,-0.25
936,209.2,210.2,1.0
937,209.9,210.85,0.9499999999999886
938,212.9,212.45,-0.45000000000001705
939,213.5,213.5,0.0
940,213.4,213.35,-0.05000000000001137
941,213.95,214.0,0.05000000000001137
942,212.0,211.45,-0.5500000000000114
943,209.4,208.95,-0.45000000000001705
944,207.85,208.05,0.20000000000001705
945,208.05,207.95,-0.10000000000002274
946,206.3,205.9,-0.4000000000000057
947,202.2,203.4,1.200000000000017
948,201.75,203.3,1.5500000000000114
949,203.1,202.7,-0.4000000000000057
950,206.9,207.3,0.4000000000000057
951,205.5,205.7,0.19999999999998863
952,203.65,203.65,0.0
953,204.65,206.0,1.3499999999999943
954,201.9,201.55,-0.3499999999999943
955,200.65,201.25,0.5999999999999943
956,202.6,200.6,-2.0
957,197.25,198.3,1.0500000000000114
958,200.0,199.55,-0.44999999999998863
959,200.2,199.8,-0.39999999999997726
960,197.5,198.7,1.1999999999999886
961,198.2,199.3,1.1000000000000227
962,199.75,199.05,-0.6999999999999886
963,196.75,196.6,-0.15000000000000568
964,202.0,201.5,-0.5
965,201.55,202.0,0.44999999999998863
966,202.35,205.0,2.6500000000000057
967,203.4,202.95,-0.45000000000001705
968,203.45,202.25,-1.1999999999999886
969,197.9,198.75,0.8499999999999943
970,197.4,197.1,-0.30000000000001137
971,197.4,198.95,1.549999999999983
972,200.0,199.55,-0.44999999999998863
973,200.05,199.35,-0.700000000000017
974,200.45,201.7,1.25
975,202.1,201.55,-0.549999999999983
976,201.95,202.6,0.6500000000000057
977,203.15,202.7,-0.45000000000001705
978,203.9,203.5,-0.4000000000000057
979,203.75,205.35,1.5999999999999943
980,203.85,203.95,0.09999999999999432
981,200.2,201.6,1.4000000000000057
982,200.75,201.95,1.1999999999999886
983,202.2,201.85,-0.3499999999999943
984,202.5,202.1,-0.4000000000000057
985,203.85,203.2,-0.6500000000000057
986,204.85,204.75,-0.09999999999999432
987,203.15,202.6,-0.5500000000000114
988,203.3,205.15,1.8499999999999943
989,205.8,205.65,-0.15000000000000568
990,208.25,208.6,0.3499999999999943
991,206.9,207.25,0.3499999999999943
992,208.0,207.65,-0.3499999999999943
993,208.0,208.2,0.19999999999998863
994,208.95,210.0,1.0500000000000114
995,209.7,209.85,0.15000000000000568
996,208.35,207.95,-0.4000000000000057
997,205.15,204.85,-0.30000000000001137
998,205.0,205.45,0.44999999999998863
999,203.8,204.7,0.8999999999999773
1000,205.85,207.6,1.75
1001,207.25,207.65,0.4000000000000057
1002,209.35,208.7,-0.6500000000000057
1003,205.25,204.9,-0.3499999999999943
1004,208.15,208.85,0.6999999999999886
1005,205.8,205.1,-0.700000000000017
1006,206.95,208.05,1.1000000000000227
1007,208.4,207.95,-0.45000000000001705
1008,207.95,207.6,-0.3499999999999943
1009,209.7,210.6,0.9000000000000057
1010,209.7,210.15,0.45000000000001705
1011,211.0,213.45,2.4499999999999886
1012,214.05,214.15,0.09999999999999432
1013,214.6,214.85,0.25
1014,215.1,214.85,-0.25
1015,215.4,214.7,-0.700000000000017
1016,214.8,215.2,0.39999999999997726
1017,213.0,212.8,-0.19999999999998863
1018,212.6,212.6,0.0
1019,213.55,213.55,0.0
1020,213.2,213.0,-0.19999999999998863
1021,211.2,210.7,-0.5
1022,212.55,212.3,-0.25
1023,212.4,212.85,0.44999999999998863
1024,214.15,214.65,0.5
1025,216.7,216.0,-0.6999999999999886
1026,216.6,217.2,0.5999999999999943
1027,217.65,217.7,0.04999999999998295
1028,218.15,218.05,-0.09999999999999432
1029,216.45,217.25,0.8000000000000114
1030,216.85,216.9,0.05000000000001137
1031,218.15,218.65,0.5
1032,217.7,218.15,0.45000000000001705
1033,218.3,218.25,-0.05000000000001137
1034,214.2,214.25,0.05000000000001137
1035,215.3,214.85,-0.45000000000001705
1036,213.2,212.8,-0.39999999999997726
1037,213.2,212.65,-0.549999999999983
1038,212.95,212.8,-0.14999999999997726
1039,212.8,213.15,0.3499999999999943
1040,213.1,212.75,-0.3499999999999943
1041,213.15,212.7,-0.45000000000001705
1042,213.1,212.95,-0.15000000000000568
1043,213.05,213.15,0.09999999999999432
1044,212.8,213.95,1.1499999999999773
1045,212.45,212.05,-0.39999999999997726
1046,211.85,211.55,-0.29999999999998295
1047,211.65,211.9,0.25
1048,213.15,212.95,-0.20000000000001705
1049,213.05,212.5,-0.5500000000000114
1050,213.75,214.6,0.8499999999999943
1051,213.5,213.05,-0.44999999999998863
1052,212.45,211.75,-0.6999999999999886
1053,212.35,211.65,-0.6999999999999886
1054,212.2,211.5,-0.6999999999999886
1055,209.45,208.95,-0.5
1056,206.35,206.15,-0.19999999999998863
1057,207.3,207.15,-0.15000000000000568
1058,207.5,208.3,0.8000000000000114
1059,208.3,208.6,0.29999999999998295
1060,209.6,208.9,-0.6999999999999886
1061,208.15,207.65,-0.5
1062,207.85,208.2,0.3499999999999943
1063,209.5,209.0,-0.5
1064,211.9,211.0,-0.9000000000000057
1065,208.7,208.35,-0.3499999999999943
1066,209.4,208.9,-0.5
1067,206.95,207.6,0.6500000000000057
1068,206.5,206.05,-0.44999999999998863
1069,206.35,206.0,-0.3499999999999943
1070,208.15,208.1,-0.05000000000001137
1071,208.1,207.65,-0.44999999999998863
1072,208.7,208.9,0.20000000000001705
1073,209.4,209.05,-0.3499999999999943
1074,208.8,209.65,0.8499999999999943
1075,210.75,210.95,0.19999999999998863
1076,209.4,209.35,-0.05000000000001137
1077,209.55,209.05,-0.5
1078,207.9,208.3,0.4000000000000057
1079,205.85,205.85,0.0
1080,203.45,203.3,-0.14999999999997726
1081,207.0,206.6,-0.4000000000000057
1082,206.5,205.2,-1.3000000000000114
1083,207.05,207.0,-0.05000000000001137
1084,207.55,207.2,-0.35000000000002274
1085,207.85,207.65,-0.19999999999998863
1086,208.1,207.55,-0.549999999999983
1087,208.05,207.7,-0.35000000000002274
1088,208.1,207.85,-0.25
1089,208.1,207.4,-0.6999999999999886
1090,208.0,207.7,-0.30000000000001137
